##FastQC	0.10.1
>>Basic Statistics	pass
#Measure	Value	
Filename	SRR1002940.r2.trim.fq	
File type	Conventional base calls	
Encoding	Sanger / Illumina 1.9	
Total Sequences	9410	
Filtered Sequences	0	
Sequence length	36-100	
%GC	43	
>>END_MODULE
>>Per base sequence quality	pass
#Base	Mean	Median	Lower Quartile	Upper Quartile	10th Percentile	90th Percentile
1	31.91211477151966	33.0	31.0	34.0	30.0	34.0
2	32.116365568544104	33.0	31.0	34.0	30.0	34.0
3	32.17173219978746	34.0	31.0	34.0	30.0	34.0
4	35.719659936238045	37.0	35.0	37.0	33.0	37.0
5	35.75802337938364	37.0	35.0	37.0	33.0	37.0
6	35.69096705632306	37.0	35.0	37.0	33.0	37.0
7	35.660255047821465	37.0	35.0	37.0	33.0	37.0
8	35.63836344314559	37.0	35.0	37.0	33.0	37.0
9	37.33134962805526	39.0	37.0	39.0	34.0	39.0
10	37.23400637619554	39.0	37.0	39.0	33.0	39.0
11	37.2643995749203	39.0	37.0	39.0	34.0	39.0
12	37.26163655685441	39.0	37.0	39.0	34.0	39.0
13	37.211264612114775	39.0	37.0	39.0	33.0	39.0
14	38.50733262486716	40.0	38.0	41.0	34.0	41.0
15	38.491179596174284	40.0	38.0	41.0	34.0	41.0
16	38.39287991498406	40.0	38.0	41.0	34.0	41.0
17	38.41753453772582	40.0	38.0	41.0	33.0	41.0
18	38.346865037194476	40.0	38.0	41.0	33.0	41.0
19	38.34548352816153	40.0	38.0	41.0	34.0	41.0
20	38.25239107332625	40.0	38.0	41.0	33.0	41.0
21	38.3192348565356	40.0	38.0	41.0	34.0	41.0
22	38.247821466524975	40.0	38.0	41.0	34.0	41.0
23	38.14537725823592	40.0	38.0	41.0	33.0	41.0
24	38.061317747077574	40.0	38.0	41.0	33.0	41.0
25	38.03443145589798	40.0	38.0	41.0	33.0	41.0
26	37.946227417640806	40.0	37.0	41.0	33.0	41.0
27	37.9548352816153	40.0	37.0	41.0	33.0	41.0
28	37.902656748140274	40.0	37.0	41.0	33.0	41.0
29	37.908395324123276	40.0	37.0	41.0	33.0	41.0
30	37.878427205100955	40.0	37.0	41.0	33.0	41.0
31	37.892986184909674	40.0	37.0	41.0	33.0	41.0
32	37.86429330499469	40.0	37.0	41.0	33.0	41.0
33	37.715621679064824	40.0	37.0	41.0	32.0	41.0
34	37.750159404888414	40.0	37.0	41.0	33.0	41.0
35	37.653772582359196	40.0	37.0	41.0	32.0	41.0
36	37.68182784272051	40.0	37.0	41.0	32.0	41.0
37	37.584620300351474	40.0	37.0	41.0	32.0	41.0
38	37.617574917350964	40.0	37.0	41.0	32.0	41.0
39	37.520795466695176	40.0	37.0	41.0	31.0	41.0
40	37.53678123996145	39.0	37.0	41.0	32.0	41.0
41	37.46690979298509	39.0	37.0	41.0	32.0	41.0
42	37.450247152374814	39.0	37.0	41.0	32.0	41.0
43	37.39158958915896	39.0	36.0	41.0	31.0	41.0
44	37.34281098546042	39.0	36.0	41.0	31.0	41.0
45	37.315210355987055	39.0	36.0	41.0	31.0	41.0
46	37.2628904983245	39.0	36.0	41.0	31.0	41.0
47	37.17059969690409	39.0	36.0	41.0	31.0	41.0
48	37.205840842470955	39.0	36.0	40.0	31.0	41.0
49	37.13203439642974	39.0	36.0	40.0	31.0	41.0
50	37.10368512865242	39.0	36.0	40.0	31.0	41.0
51	35.700469894000655	37.0	34.0	39.0	30.0	40.0
52	36.5721485701764	38.0	35.0	40.0	31.0	40.0
53	37.206938192995935	39.0	36.0	40.0	31.0	41.0
54	37.42038706839674	39.0	36.0	40.0	32.0	41.0
55	37.46129280916199	39.0	36.0	41.0	32.0	41.0
56	37.4703805846663	39.0	36.0	41.0	32.0	41.0
57	37.38412206988058	39.0	36.0	41.0	31.0	41.0
58	37.30745376010633	39.0	36.0	41.0	31.0	41.0
59	37.232424040807274	39.0	36.0	41.0	31.0	41.0
60	37.15795909293019	39.0	35.0	41.0	31.0	41.0
61	37.03799442896936	39.0	35.0	41.0	31.0	41.0
62	36.93091517857143	39.0	35.0	40.0	31.0	41.0
63	36.842646401430486	38.0	35.0	40.0	31.0	41.0
64	36.62590975254731	38.0	35.0	40.0	30.0	41.0
65	36.51514811490126	38.0	35.0	40.0	30.0	41.0
66	36.42378597122302	38.0	35.0	40.0	30.0	41.0
67	36.25112714156898	38.0	34.0	40.0	30.0	41.0
68	36.20072291878459	37.0	34.0	40.0	30.0	41.0
69	35.948755656108595	37.0	34.0	40.0	30.0	41.0
70	35.86219802653964	37.0	34.0	40.0	30.0	41.0
71	35.7607606467775	37.0	34.0	40.0	30.0	41.0
72	35.66110984242978	37.0	34.0	39.0	30.0	41.0
73	35.51827242524917	36.0	34.0	39.0	29.0	41.0
74	35.311695772058826	36.0	34.0	39.0	29.0	41.0
75	35.173045884251785	36.0	34.0	39.0	29.0	40.0
76	35.02707393266227	36.0	34.0	39.0	29.0	40.0
77	34.83894565722248	35.0	33.0	39.0	29.0	40.0
78	34.67221704704239	35.0	33.0	38.0	29.0	40.0
79	34.530826716487624	35.0	33.0	38.0	29.0	40.0
80	34.33715891790608	35.0	33.0	37.0	29.0	39.0
81	34.18158297071622	35.0	33.0	37.0	29.0	39.0
82	34.06735079028073	35.0	33.0	37.0	29.0	39.0
83	33.88134390157341	35.0	33.0	37.0	29.0	39.0
84	33.7606085819565	35.0	33.0	37.0	29.0	39.0
85	33.61362280806394	35.0	33.0	36.0	28.0	38.0
86	33.447358965145526	35.0	32.0	36.0	28.0	37.0
87	33.27690272934952	35.0	32.0	36.0	28.0	37.0
88	33.20916767189385	35.0	32.0	36.0	28.0	37.0
89	33.15892835495212	35.0	32.0	36.0	27.0	37.0
90	33.00024345709069	34.0	32.0	35.0	27.0	37.0
91	32.88655256723716	34.0	32.0	35.0	27.0	36.0
92	32.8430067775724	34.0	32.0	35.0	27.0	36.0
93	32.68441300570861	34.0	32.0	35.0	27.0	36.0
94	32.70668996505242	34.0	32.0	35.0	27.0	36.0
95	32.70907260601485	34.0	32.0	35.0	27.0	36.0
96	32.634700876413056	34.0	32.0	35.0	27.0	36.0
97	32.6446185461084	34.0	32.0	35.0	28.0	36.0
98	32.65774428274428	34.0	32.0	35.0	27.0	35.0
99	32.696621799947216	34.0	32.0	35.0	27.0	35.0
100	32.83060841597427	34.0	32.0	35.0	29.0	35.0
>>END_MODULE
>>Per sequence quality scores	pass
#Quality	Count
23	3.0
24	9.0
25	16.0
26	36.0
27	72.0
28	123.0
29	143.0
30	279.0
31	356.0
32	427.0
33	576.0
34	719.0
35	943.0
36	1251.0
37	1713.0
38	2041.0
39	699.0
40	4.0
>>END_MODULE
>>Per base sequence content	pass
#Base	G	A	T	C
1	19.20297555791711	30.626992561105208	28.023379383634435	22.146652497343254
2	20.170031880977685	30.66950053134963	28.22529224229543	20.935175345377257
3	21.543203315974065	28.292060792857903	28.632160697204807	21.532575193963226
4	22.986184909670563	27.066950053134963	27.863974495217853	22.08289054197662
5	22.28480340063762	28.554729011689695	27.80021253985122	21.360255047821468
6	22.454835281615303	28.044633368756642	26.620616365568544	22.87991498405951
7	22.051009564293306	27.630180658873538	28.544102019128587	21.77470775770457
8	20.71200850159405	28.278427205100957	28.724760892667373	22.28480340063762
9	20.99893730074389	28.193411264612116	28.087141339001064	22.720510095642933
10	21.827842720510095	28.767268862911795	27.3432518597237	22.06163655685441
11	21.785334750265676	28.065887353878853	27.991498405951116	22.157279489904358
12	21.596343926028272	27.909448400467635	28.217663938782017	22.276543734722072
13	20.722635494155153	28.28905419766206	29.53241232731137	21.455897980871413
14	21.934112646121147	26.87566418703507	29.73432518597237	21.455897980871413
15	21.222104144527098	27.885228480340064	28.5653560042508	22.327311370882043
16	21.4346439957492	27.89585547290117	28.512221041445272	22.157279489904358
17	21.009564293304994	28.044633368756642	28.501594048884165	22.4442082890542
18	21.689691817215728	27.258235919234856	29.351753453772584	21.700318809776835
19	21.61530286928799	26.907545164718382	29.351753453772584	22.125398512221043
20	21.073326248671627	27.09883103081828	29.893730074388948	21.934112646121147
21	21.158342189160468	27.587672688629116	28.459086078639746	22.79489904357067
22	21.030818278427205	28.11902231668438	28.990435706695006	21.859723698193413
23	22.561105207226355	26.43995749202975	28.66099893730074	22.337938363443147
24	22.06398129450526	27.431182909979807	29.02540121160591	21.479434583909025
25	22.189160467587673	26.40807651434644	28.437832093517535	22.96493092454835
26	21.0201912858661	27.470775770456964	28.862911795961743	22.646121147715196
27	21.16896918172157	27.20510095642933	28.852284803400636	22.77364505844846
28	21.540913921360254	26.7375132837407	29.096705632306058	22.624867162592984
29	20.903294367693942	28.034006376195535	28.23591923485654	22.826780021253985
30	21.934112646121147	26.663124335812967	29.415515409139214	21.987247608926673
31	21.859723698193413	27.120085015940486	28.5759829968119	22.4442082890542
32	21.721572794899043	27.226354941551538	28.82040382571732	22.231668437832095
33	21.721572794899043	26.76939426142402	29.277364505844844	22.231668437832095
34	21.487778958554728	27.035069075451645	29.17109458023379	22.306057385759832
35	21.137088204038257	27.980871413390012	28.639744952178532	22.2422954303932
36	22.01912858660999	26.928799149840593	29.23485653560042	21.81721572794899
37	21.557141335605497	27.574821599744382	29.43870486739802	21.429332197252105
38	22.13927695424976	26.2557321104831	28.548576303721873	23.056414631545273
39	21.768416550839305	26.46209772265583	29.370255532984068	22.399230193520793
40	21.511939179783703	26.60884463004604	28.793232680158475	23.08598351001178
41	21.50595301941435	27.523329400407594	28.48868390003218	22.48203368014588
42	21.470019342359766	27.51987964753922	28.755641521598967	22.254459488502043
43	21.746612174661216	27.446762744676274	28.877177887717785	21.92944719294472
44	21.852450188476034	27.334410339256866	28.616047388260636	22.19709208400646
45	22.017259978425027	27.45415318230852	28.629989212513486	21.898597626752967
46	21.630094043887148	26.883580153496915	29.08874716246892	22.39757864014701
47	21.660532582810134	27.86317384715306	28.566789348343796	21.90950422169301
48	21.919444142872653	27.467158831831505	28.455108023015956	22.158289002279883
49	20.98617611842821	27.245020137150323	29.49820398389028	22.270599760531184
50	21.347579590056696	27.932839075447013	27.99825556040122	22.72132577409507
51	21.70254616981751	27.13364659600044	29.1443558081084	22.01945142607365
52	21.189876191519666	27.347430700120523	28.684124027610387	22.778569080749424
53	21.13294543857723	26.984301240531344	29.125041168075526	22.757712152815895
54	21.508687046404223	27.787552232241037	28.546294259951615	22.15746646140312
55	21.6936460742209	27.33179165290166	28.466027970487833	22.508534302389606
56	21.33480419194705	27.97573083287369	28.10810810810811	22.581356867071154
57	21.56125608137992	27.333038478549316	28.58248562582928	22.523219814241486
58	21.021154059142763	27.179089600177207	29.250193819913612	22.54956252076642
59	20.78066090042138	27.70015524506542	28.420935905965845	23.09824794854735
60	21.06491774121832	27.634504224099597	28.72387727879057	22.57670075589151
61	21.615598885793872	26.963788300835656	29.470752089136493	21.949860724233982
62	22.109375	27.098214285714285	28.281250000000004	22.51116071428571
63	22.194903889137237	26.788109074653555	29.123826553419757	21.89316048278945
64	21.63251595566006	27.43253834956892	28.429067293696114	22.50587840107491
65	21.3532315978456	27.816427289048473	27.83886894075404	22.991472172351884
66	21.211780575539567	27.765287769784173	28.821942446043163	22.200989208633093
67	21.066275924256086	28.279981965734898	27.80658250676285	22.847159603246165
68	21.314808539478143	27.809781994804023	28.916751383711738	21.9586580820061
69	20.81447963800905	27.884615384615387	29.343891402714934	21.957013574660632
70	21.02756039469207	27.29953498922536	29.284337076102986	22.388567539979583
71	20.200409929401047	27.738556137554088	29.5718515144614	22.489182418583468
72	21.374743092030144	27.529116236583697	28.796528887873947	22.29961178351222
73	21.61759651735594	27.964257074120745	28.83491808912819	21.58322831939512
74	21.105238970588236	27.883731617647058	29.31985294117647	21.691176470588236
75	20.659442010606412	27.553608485127967	29.467373760664056	22.31957574360157
76	21.971537660534537	28.022677311118827	28.497049635543213	21.508735392803423
77	21.075243845796564	27.65908035299582	29.24988388295402	22.015791918253598
78	20.36562645551933	27.88775034932464	29.2268281322776	22.519795062878433
79	21.263428304530592	27.627276973376922	28.794955628211117	22.314339093881365
80	20.634734746457433	28.129757582855135	29.33598782058789	21.899519850099544
81	20.49864753616371	27.860755027637303	29.23673997412678	22.40385746207221
82	21.573484312337815	27.341354092946453	28.83934890304317	22.245812691672565
83	20.915651248077605	28.250325328285815	29.00745297527505	21.82657044836153
84	20.492095566385355	27.921074527516936	29.906097705931295	21.680732200166407
85	20.45806990337588	27.376834068949062	29.858046045568415	22.307049982106644
86	20.589292130794107	27.416457060725836	29.30889926937358	22.68535153910648
87	20.199591198749552	28.72429962726945	28.736323193459178	22.339785980521825
88	21.26658624849216	28.033775633293125	28.817852834740656	21.881785283474066
89	20.632803976239543	27.615468541641413	29.78542853679234	21.966298945326706
90	20.803408399269628	27.41326841144248	29.287888009738282	22.495435179549606
91	20.30562347188264	28.34963325183374	28.936430317848412	22.408312958435207
92	21.08441158348737	26.863832409118913	29.75970425138632	22.292051756007396
93	19.50856291883842	28.95259369570613	29.312484487465873	22.226358897989577
94	20.41937094358462	27.40888666999501	29.21867199201198	22.953070394408385
95	20.77513527117151	29.36957342393356	28.627154901220585	21.22813640367434
96	20.386129810745587	28.070621110123206	29.41699479232821	22.126254286803
97	20.639609555612637	28.204469560750063	28.769586437194967	22.386334446442334
98	20.335239085239085	28.22245322245322	30.11954261954262	21.322765072765073
99	20.493533913961468	28.252837160200578	29.400897334389022	21.852731591448933
100	20.73170731707317	28.491021173948006	29.65692843741624	21.120343071562584
>>END_MODULE
>>Per base GC content	pass
#Base	%GC
1	41.34962805526036
2	41.10520722635494
3	43.075778509937294
4	45.06907545164719
5	43.64505844845908
6	45.33475026567481
7	43.82571732199788
8	42.99681190223167
9	43.719447396386826
10	43.88947927736451
11	43.94261424017003
12	43.87288766075035
13	42.17853347502657
14	43.390010626992556
15	43.54941551540914
16	43.59192348565356
17	43.45377258235919
18	43.390010626992556
19	43.740701381509034
20	43.00743889479277
21	43.95324123273114
22	42.89054197662062
23	44.8990435706695
24	43.54341587841428
25	45.154091392136024
26	43.6663124335813
27	43.94261424017003
28	44.16578108395324
29	43.730074388947926
30	43.92136025504782
31	44.30393198724761
32	43.95324123273114
33	43.95324123273114
34	43.793836344314556
35	43.379383634431456
36	43.83634431455898
37	42.9864735328576
38	45.195691585795025
39	44.1676467443601
40	44.59792268979548
41	43.987986699560224
42	43.724478830861806
43	43.67605936760594
44	44.0495422724825
45	43.91585760517799
46	44.02767268403416
47	43.57003680450314
48	44.077733145152536
49	43.256775878959395
50	44.06890536415177
51	43.72199759589116
52	43.96844527226909
53	43.89065759139313
54	43.66615350780735
55	44.20218037661051
56	43.9161610590182
57	44.0844758956214
58	43.57071657990918
59	43.87890884896873
60	43.641618497109825
61	43.56545961002786
62	44.620535714285715
63	44.08806437192669
64	44.13839435673496
65	44.34470377019748
66	43.41276978417266
67	43.91343552750225
68	43.27346662148424
69	42.77149321266968
70	43.41612793467166
71	42.689592347984515
72	43.674354875542356
73	43.20082483675106
74	42.79641544117647
75	42.97901775420797
76	43.48027305333796
77	43.09103576405016
78	42.88542151839776
79	43.57776739841196
80	42.53425459655698
81	42.90250499823592
82	43.81929700401038
83	42.74222169643914
84	42.17282776655176
85	42.76511988548252
86	43.274643669900584
87	42.53937717927137
88	43.14837153196622
89	42.59910292156625
90	43.29884357881924
91	42.71393643031785
92	43.37646333949476
93	41.734921816828
94	43.37244133799301
95	42.003271674845855
96	42.51238409754858
97	43.02594400205497
98	41.65800415800416
99	42.34626550541039
100	41.85205038863575
>>END_MODULE
>>Per sequence GC content	fail
#GC Content	Count
0	0.0
1	0.0
2	0.0
3	0.0
4	0.0
5	0.5
6	1.5
7	1.0
8	0.0
9	0.0
10	0.0
11	0.5
12	2.0
13	2.0
14	2.5
15	5.0
16	5.5
17	5.5
18	11.0
19	20.0
20	24.0
21	33.0
22	46.5
23	65.0
24	74.0
25	94.0
26	125.5
27	138.5
28	168.0
29	196.0
30	234.5
31	288.5
32	301.5
33	323.5
34	346.0
35	329.5
36	324.5
37	326.0
38	314.0
39	282.0
40	269.5
41	298.0
42	309.5
43	279.5
44	231.5
45	203.0
46	198.0
47	206.0
48	198.0
49	188.5
50	196.5
51	195.0
52	201.5
53	206.5
54	194.0
55	204.5
56	234.5
57	237.0
58	218.0
59	203.5
60	191.5
61	170.0
62	162.5
63	162.0
64	126.5
65	98.0
66	103.5
67	102.0
68	99.5
69	93.5
70	68.5
71	54.0
72	45.5
73	36.5
74	26.5
75	11.5
76	8.0
77	8.0
78	6.0
79	5.0
80	4.0
81	2.0
82	0.5
83	0.0
84	0.0
85	0.0
86	0.0
87	0.0
88	0.0
89	0.0
90	0.0
91	0.0
92	0.0
93	0.0
94	0.0
95	0.0
96	0.0
97	0.0
98	0.0
99	0.0
100	0.0
>>END_MODULE
>>Per base N content	pass
#Base	N-Count
1	0.0
2	0.0
3	0.010626992561105207
4	0.0
5	0.0
6	0.0
7	0.0
8	0.0
9	0.0
10	0.0
11	0.0
12	0.010626992561105207
13	0.0
14	0.0
15	0.0
16	0.0
17	0.0
18	0.0
19	0.0
20	0.0
21	0.0
22	0.0
23	0.0
24	0.010626992561105207
25	0.0
26	0.0
27	0.0
28	0.0
29	0.0
30	0.0
31	0.0
32	0.0
33	0.0
34	0.0
35	0.0
36	0.0
37	0.0
38	0.0
39	0.0
40	0.0
41	0.0
42	0.0
43	0.0
44	0.0
45	0.0
46	0.0
47	0.0
48	0.0
49	0.0
50	0.0
51	0.0
52	0.0
53	0.0
54	0.0
55	0.0
56	0.0
57	0.0
58	0.0
59	0.0
60	0.0
61	0.0
62	0.0
63	0.0
64	0.0
65	0.0
66	0.0
67	0.0
68	0.0
69	0.0
70	0.0
71	0.0
72	0.0
73	0.0
74	0.0
75	0.0
76	0.0
77	0.0
78	0.0
79	0.0
80	0.0
81	0.0
82	0.0
83	0.0
84	0.0
85	0.0
86	0.0
87	0.0
88	0.0
89	0.0
90	0.0
91	0.0
92	0.0
93	0.0
94	0.0
95	0.0
96	0.0
97	0.0
98	0.0
99	0.0
100	0.0
>>END_MODULE
>>Sequence Length Distribution	warn
#Length	Count
36-37	33.0
38-39	38.0
40-41	33.0
42-43	21.0
44-45	34.0
46-47	40.0
48-49	39.0
50-51	45.0
52-53	33.0
54-55	29.0
56-57	36.0
58-59	33.0
60-61	36.0
62-63	29.0
64-65	35.0
66-67	43.0
68-69	36.0
70-71	59.0
72-73	54.0
74-75	61.0
76-77	55.0
78-79	49.0
80-81	61.0
82-83	65.0
84-85	64.0
86-87	59.0
88-89	75.0
90-91	100.0
92-93	103.0
94-95	139.0
96-97	177.0
98-99	234.0
100-101	7462.0
>>END_MODULE
>>Sequence Duplication Levels	pass
#Total Duplicate Percentage	13.432518597236982
#Duplication Level	Relative count
1	100.0
2	6.493984777805058
3	0.5769702921679352
4	0.07365578197888534
5	0.024551927326295114
6	0.012275963663147557
7	0.024551927326295114
8	0.0
9	0.0
10++	0.012275963663147557
>>END_MODULE
>>Overrepresented sequences	warn
#Sequence	Count	Percentage	Possible Source
TAGGGGTTAGGGTTAGGGTTAGGGGTTAGGGTTAGGGTTAGGGGTTAGGG	11	0.11689691817215729	No Hit
>>END_MODULE
>>Kmer Content	warn
#Sequence	Count	Obs/Exp Overall	Obs/Exp Max	Max Obs/Exp Position
CCCAG	2200	3.9009151	8.41334	53
GAGGC	1810	3.513439	7.8485794	77
CCAGG	1875	3.4785647	8.778655	52
GGAGG	1685	3.4222267	10.222913	76
GCCTC	2015	3.4174268	7.8314137	37
CTGGG	1815	3.3698518	6.793076	1
AACCC	2370	3.2591958	7.2738385	61
CCTCC	2005	3.2500014	7.304621	94
GGCCC	1390	3.177901	6.7046995	67
CCTGG	1765	3.1320152	6.818566	60
GGCAG	1610	3.1252136	8.088702	40
GGGAG	1535	3.1175773	8.275115	80
GCCTG	1710	3.0344174	6.4924927	25
CCCTA	2235	2.9398148	6.01568	31
TTTTT	4995	2.938455	5.649957	14
AAAAA	3930	2.8878484	6.1273193	41
CTCCC	1740	2.82045	6.506515	95
CTGCC	1635	2.7729495	6.9808607	3
CCAGC	1540	2.7306406	6.9968133	70
AGGCC	1470	2.7271948	7.197593	93
GCTGG	1465	2.7200181	7.70361	36
TCCCA	2060	2.7096279	6.838913	51
ACCCT	2050	2.6964743	6.119735	43
CAGGC	1445	2.6808138	7.0745964	92
TGGGA	1760	2.6516736	5.512387	16
TAGGG	1750	2.6366072	7.6733074	39
CAGAG	1720	2.5894082	6.9256444	34
GGGTT	1780	2.5651207	7.9680862	35
GGCCT	1445	2.564171	5.7265725	36
GGCTG	1375	2.5529177	6.595812	79
CTCTG	1915	2.5208476	7.224392	12
GCAGC	1350	2.5045667	6.8095417	33
CAGGG	1285	2.4943476	7.9898496	16
CAGCC	1390	2.4646692	7.0411987	72
TGGAG	1630	2.4558113	8.327308	75
GTGGG	1255	2.4379954	6.452259	53
GGGCC	1015	2.4279883	6.783968	51
TGCCT	1840	2.4221199	6.6223593	4
AGGGG	1190	2.4168842	10.343893	40
CCTGC	1425	2.4167907	6.2052097	15
GGAGA	1525	2.4021325	8.97867	54
AGAGG	1520	2.3942566	9.435294	35
GCCCA	1340	2.376012	6.4874816	32
CTAAC	2215	2.3642285	5.8079257	71
AGGCA	1570	2.3635876	6.196648	8
AGGGT	1560	2.3503473	6.890484	16
TGAGG	1560	2.350347	7.063121	47
TCCTG	1760	2.3168104	7.288468	76
CAGCA	1605	2.3093624	5.5535936	62
CAGTG	1595	2.2967467	5.997136	38
CAGGA	1525	2.2958415	5.936202	94
CACAG	1595	2.294974	5.2644057	9
TTTCT	3015	2.2851634	5.199523	27
GAGGG	1125	2.2848694	7.490597	36
TCTCC	1800	2.2646196	6.3326945	76
CCCAC	1335	2.2624037	6.9754725	10
CCCTG	1325	2.2471914	6.2052097	10
CTCCT	1785	2.2457478	5.1720157	82
GGTGG	1155	2.2437327	7.4313636	58
CAGCT	1630	2.243288	6.088575	69
AGAAA	2365	2.240757	5.6241574	71
CTGGA	1545	2.2247484	6.4966063	74
TGGCC	1250	2.218141	5.087804	95
TGCTG	1580	2.176155	5.6374784	96
CCCCT	1340	2.1720707	5.930638	8
AGCAG	1440	2.1678765	6.273315	40
GCAGG	1115	2.1643562	7.1020894	10
CCACC	1260	2.1353023	7.1766243	88
TGGGC	1135	2.1073177	5.978886	34
CACTG	1525	2.0987816	5.4306755	70
AGAGA	1710	2.0890145	6.043075	71
AGCCT	1500	2.0643754	5.6647687	4
GAGAG	1310	2.0634708	5.7970247	34
CTCCA	1565	2.058528	5.5196958	44
TTAGG	1840	2.056477	5.1114993	20
TGGGG	1050	2.039757	6.2690935	36
CCTCT	1620	2.0381577	5.3315196	49
CTGCT	1535	2.020627	5.4853306	39
CTCTC	1600	2.012995	5.343211	50
GGCTC	1125	1.9963269	6.013223	63
AGGCT	1380	1.987154	6.5654345	78
CCCCA	1165	1.9743072	5.971076	76
AGGAG	1250	1.9689608	6.734002	54
CCCTC	1210	1.9613475	5.404692	56
CTGAG	1355	1.9511548	6.062322	46
GGCCA	1050	1.9479961	5.4221983	66
AGGGA	1235	1.9453335	5.763142	29
CCTGT	1475	1.9416449	5.363434	80
GGGGC	775	1.9397123	6.2733164	74
CACAC	1410	1.939015	7.7194686	46
GAGAA	1580	1.9302003	5.438767	71
CATGG	1340	1.9295553	6.58559	7
AGGAA	1545	1.8874427	5.5871143	5
GCCCC	855	1.8682574	5.9960346	5
CTCAC	1420	1.8678018	5.4141116	7
GTGAG	1235	1.8606914	7.063121	47
GGGAA	1180	1.8586992	5.102395	38
GCCAG	1000	1.8552346	5.422199	66
CTGGC	1040	1.8454934	5.997482	94
TGCAG	1280	1.8431573	6.1155005	50
GAAAA	1945	1.8428212	5.77626	93
GAGCC	980	1.8181298	5.939353	5
GGTTA	1625	1.8161821	5.1114993	12
TCCTC	1440	1.8116956	5.178542	15
GGGGT	930	1.806642	7.107575	22
TGGCT	1305	1.7973939	5.087902	37
ACACA	1600	1.7854812	5.6864886	41
ACCCC	1050	1.7794186	5.5856357	49
GAAGA	1455	1.7774948	5.0552645	84
GTTAG	1585	1.7714761	5.1114993	31
GCTGC	990	1.7567677	6.4924917	20
GAGGA	1105	1.7405615	5.0427494	32
TTCTC	1760	1.7186562	5.3972626	75
CCATG	1235	1.6996691	5.184097	49
TCTGC	1280	1.6849529	5.526953	87
GGGCA	865	1.6790744	7.280028	47
CTTTT	2205	1.6712389	5.329794	47
AGGGC	850	1.6499574	6.2143273	31
TGGTG	1140	1.64283	6.902423	59
GCCCT	960	1.6281538	5.4295583	30
AGTGA	1365	1.5949914	5.466002	96
TTTCC	1625	1.5868275	5.3591986	13
GCTCC	925	1.568794	5.4967346	39
TCAGG	1070	1.5407645	5.268472	28
CCCCC	715	1.4932125	7.2314644	71
GGGGG	570	1.4926758	7.2568984	93
TTCCC	1185	1.4908745	5.2201486	36
CTTCA	1430	1.4599301	5.602986	28
TGAAA	1565	1.418268	5.0951433	81
CCACT	1050	1.381121	5.330905	78
GGAGC	710	1.3781998	6.4650993	55
GAAAG	1125	1.3743516	5.2378335	90
ACCAG	955	1.3741068	5.4407535	51
ATGGG	900	1.3559694	5.512387	8
GACCC	755	1.3387232	5.0011353	48
GTGCC	735	1.3042669	6.0885606	68
GTGCT	945	1.3015611	5.03924	7
TTGGC	905	1.2464687	5.154266	46
CTCAA	1160	1.2381511	5.2331476	92
GAACA	1005	1.1734279	5.6318254	90
GCACC	525	0.9309003	5.311531	73
>>END_MODULE
