##FastQC	0.10.1
>>Basic Statistics	pass
#Measure	Value	
Filename	NA12878-trimmed_2.fastq.gz	
File type	Conventional base calls	
Encoding	Sanger / Illumina 1.9	
Total Sequences	581435	
Filtered Sequences	0	
Sequence length	20-76	
%GC	48	
>>END_MODULE
>>Per base sequence quality	warn
#Base	Mean	Median	Lower Quartile	Upper Quartile	10th Percentile	90th Percentile
1	30.270804131158254	31.0	31.0	31.0	26.0	34.0
2	29.388186125706227	31.0	31.0	31.0	21.0	34.0
3	29.326781153525328	31.0	30.0	31.0	23.0	32.0
4	30.179099985380997	32.0	30.0	32.0	26.0	33.0
5	28.428383224264106	30.0	29.0	30.0	22.0	31.0
6	28.48500520264518	30.0	29.0	30.0	24.0	31.0
7	28.428004850069225	30.0	29.0	30.0	22.0	31.0
8	29.551186289095085	31.0	31.0	31.0	24.0	33.0
9	29.415401549614316	31.0	29.0	31.0	23.0	32.0
10	29.68891105626596	32.0	28.0	32.0	24.0	32.0
11	29.00702228108043	31.0	29.0	31.0	22.0	31.0
12	29.200510805163088	31.0	29.0	31.0	24.0	33.0
13	30.01207873623019	33.0	28.0	33.0	23.0	33.0
14	29.752144263761213	32.0	29.0	32.0	22.0	34.0
15	29.3827134589421	32.0	29.0	32.0	22.0	33.0
16	29.671182505353134	32.0	29.0	32.0	23.0	34.0
17	30.052119325462005	33.0	28.0	33.0	22.0	34.0
18	29.45389424441253	32.0	28.0	32.0	24.0	33.0
19	29.633565230851257	32.0	29.0	32.0	22.0	33.0
20	29.313216438638886	33.0	28.0	33.0	22.0	33.0
21	29.85692997336725	33.0	28.0	33.0	22.0	33.0
22	28.770316335712476	31.0	26.0	33.0	22.0	33.0
23	29.51077940405345	32.0	27.0	32.0	22.0	34.0
24	29.946186258979292	34.0	27.0	34.0	22.0	34.0
25	29.67779716813464	33.0	27.0	33.0	21.0	35.0
26	30.88190665192383	34.0	29.0	35.0	22.0	36.0
27	30.136992429518877	33.0	27.0	34.0	23.0	36.0
28	29.82745358406406	32.0	28.0	33.0	22.0	34.0
29	29.25938655176955	31.0	27.0	34.0	22.0	34.0
30	29.173565788016496	32.0	26.0	33.0	21.0	35.0
31	28.859329540188845	31.0	25.0	33.0	21.0	33.0
32	29.140119019720085	31.0	27.0	33.0	22.0	35.0
33	28.66964656883885	30.0	27.0	32.0	21.0	33.0
34	29.15004638765931	31.0	27.0	33.0	19.0	35.0
35	28.307808992774373	31.0	26.0	31.0	22.0	34.0
36	29.32763035405051	32.0	26.0	33.0	20.0	34.0
37	28.490185173200448	31.0	26.0	32.0	20.0	34.0
38	28.89743170326266	30.0	26.0	32.0	21.0	35.0
39	29.307006074248168	31.0	27.0	33.0	22.0	35.0
40	30.036576732808054	32.0	27.0	36.0	21.0	36.0
41	30.035780633668406	32.0	26.0	36.0	21.0	37.0
42	28.204864749715426	29.0	26.0	33.0	21.0	33.0
43	28.061186227103672	29.0	25.0	33.0	21.0	35.0
44	28.705163178749924	30.0	26.0	32.0	22.0	36.0
45	28.880917917827926	31.0	25.0	33.0	21.0	35.0
46	28.39441946992049	29.0	26.0	34.0	20.0	35.0
47	28.847840859374273	31.0	25.0	34.0	20.0	35.0
48	28.01062554451168	30.0	25.0	31.0	22.0	35.0
49	27.457547181266893	30.0	24.0	34.0	18.0	34.0
50	28.19298124160916	30.0	26.0	32.0	21.0	35.0
51	28.579001191396756	31.0	25.0	33.0	22.0	35.0
52	27.615616564314756	28.0	26.0	33.0	19.0	34.0
53	27.513501543557677	28.0	25.0	31.0	19.0	34.0
54	28.099122084389737	30.0	23.0	32.0	20.0	35.0
55	28.06255803283703	29.0	25.0	33.0	20.0	35.0
56	28.509590807174888	30.0	24.0	34.0	21.0	35.0
57	27.821929125215203	28.0	24.0	32.0	20.0	35.0
58	26.806650441222583	28.0	23.0	31.0	21.0	34.0
59	26.935504179418935	27.0	24.0	30.0	19.0	35.0
60	26.892113011257912	29.0	21.0	31.0	20.0	34.0
61	26.993204153129067	27.0	23.0	31.0	21.0	35.0
62	28.147981469711944	31.0	28.0	34.0	15.0	36.0
63	19.94361110390228	20.0	20.0	20.0	20.0	20.0
64	19.981233714765754	20.0	20.0	20.0	20.0	20.0
65	17.613182629387268	20.0	13.0	20.0	9.0	26.0
66	20.00228105510932	20.0	20.0	20.0	20.0	20.0
67	20.299080628101862	20.0	20.0	20.0	20.0	22.0
68	21.040204353620613	20.0	20.0	22.0	20.0	27.0
69	20.874828438100465	20.0	20.0	22.0	20.0	22.0
70	20.000869061413674	20.0	20.0	20.0	20.0	20.0
71	20.549261083743843	20.0	20.0	20.0	20.0	22.0
72	20.606375838926173	20.0	20.0	20.0	20.0	22.0
73	20.565696022727273	20.0	20.0	20.0	20.0	22.0
74	20.85762331838565	20.0	20.0	22.0	20.0	22.0
75	19.84690366972477	20.0	20.0	20.0	20.0	20.0
76	20.0	20.0	20.0	20.0	20.0	20.0
>>END_MODULE
>>Per sequence quality scores	pass
#Quality	Count
20	1.0
21	8.0
22	186.0
23	1905.0
24	9667.0
25	30060.0
26	63321.0
27	98247.0
28	116533.0
29	111518.0
30	90086.0
31	52502.0
32	7399.0
33	2.0
>>END_MODULE
>>Per base sequence content	fail
#Base	G	A	T	C
1	22.492454014636202	29.097835527617015	21.73828544893238	26.6714250088144
2	25.24512628238754	30.21403940251275	23.312666076173606	21.228168238926102
3	23.357555014747994	27.224023321609465	25.73512086475702	23.683300798885515
4	27.277042622206476	26.199190277830333	22.575907153692423	23.94785994627077
5	25.429541444084798	28.330816567314603	24.558075379148793	21.681566609451806
6	25.802240667040454	26.771912203276727	22.48819298493036	24.937654144752457
7	24.412229075011094	26.22928827691535	25.91007749804793	23.448405150025625
8	24.316087466505227	25.67892486507497	26.0122387063708	23.992748962049003
9	24.177120705015533	25.684428499193373	25.873787910579704	24.26466288521139
10	24.532965048483575	27.017167898678096	24.155106168541916	24.294760884296412
11	24.77099722410454	26.483831354891528	24.81451033135317	23.93066108965076
12	24.912371825521042	26.00071547243539	25.311041321972915	23.775871380070654
13	24.5658148646278	26.1563651248465	25.614429152749924	23.663390857775777
14	24.211862395387953	26.39130150627586	25.747204325856416	23.649631772479765
15	24.10591743860868	26.0113787635398	25.788997547443042	24.093706250408474
16	24.29321298720061	26.05042016806723	25.653470557277352	24.00289628745481
17	24.34910927121565	26.049388236670023	25.708334909895193	23.893167582219135
18	24.461245816378128	25.742388646002812	25.75202000571002	24.044345531909038
19	24.743307064946322	25.69577974456258	25.605141770175116	23.955771420315976
20	24.772373132634144	25.802756632739055	25.56094070866169	23.863929525965112
21	24.730033200024952	25.6173887729853	25.65031155347006	24.002266473519686
22	24.892763853337645	25.62764814313295	25.504992705321182	23.974595298208218
23	24.74687932205537	25.94341780660419	25.660823570400453	23.64887930093999
24	24.935767266644696	25.483827526694235	25.50952062003636	24.070884586624707
25	24.995400496210546	25.7577570854686	25.34460554119637	23.90223687712448
26	24.966144182562093	25.740686048521873	25.621290266812657	23.671879502103383
27	24.9288956457221	25.464451459912418	25.608478694153074	23.998174200212404
28	24.97739498526318	25.821988030805176	25.420691704280557	23.779925279651085
29	24.85333313548995	25.905736283425483	25.568722444899073	23.672208136185493
30	25.09704400579636	25.683812984750766	25.413140922162075	23.8060020872908
31	25.146420947880983	25.840923420514883	25.324177118071116	23.688478513533017
32	25.20159973568248	25.943071845958208	25.38312593884584	23.47220247951347
33	25.103395490421953	25.983981226603674	25.371281599002277	23.541341683972096
34	25.212342082554436	25.980528019719657	25.298045528973073	23.509084368752838
35	24.983244432987647	26.27986754178977	25.36911820110646	23.36776982411612
36	25.1378383897433	26.017121189674437	25.353655069689967	23.491385350892298
37	25.10177954943968	26.18500114268148	25.088835900827384	23.624383407051457
38	25.121965183182915	26.217913853527282	25.24689515288075	23.41322581040906
39	25.158531312132375	26.04009988765742	25.371630498424512	23.429738301785687
40	25.322975225998878	26.143608776883188	25.119178277297898	23.41423771982004
41	25.114474836744776	26.453178254128833	25.342894288665345	23.08945262046104
42	25.251994869720157	26.20746645089651	25.33118710888072	23.209351570502612
43	25.072986732658155	26.28023852870957	25.420750253464007	23.226024485168267
44	25.19797587780922	26.49657372845166	25.46437761782856	22.841072775910558
45	25.135096253270632	26.259474720591275	25.450245915642395	23.1551831104957
46	25.281250714269387	26.442824164019108	25.24856574706864	23.027359374642863
47	25.183569831011027	26.740335092035107	25.35998305688279	22.716112020071076
48	25.126292600013294	26.519072081738848	25.35134031582646	23.0032950024214
49	25.079481506129003	26.799779467662137	25.136800483811033	22.983938542397826
50	25.122760516855152	26.948962284210992	25.199903077295854	22.72837412163799
51	25.131234256926955	26.776826196473554	25.284634760705288	22.807304785894207
52	25.1148800854826	26.9026171340212	25.32601799552552	22.65648478497068
53	25.145253226757518	26.968747952565025	25.48463604795912	22.40136277271834
54	25.133772532040087	26.919005964108706	25.328665847279357	22.61855565657185
55	25.076677272665197	27.142798618033837	25.33559109096123	22.44493301833973
56	25.196210337481777	27.212131404866017	25.398306985088016	22.193351272564186
57	25.272601196151513	27.215625090289215	25.493918118517232	22.01785559504204
58	25.32205253220525	27.483210248321026	25.522215052221505	21.672522167252218
59	25.534708081661673	27.674787722684595	25.557159740433878	21.233344455219854
60	25.537312517550003	27.605550158313136	25.679649096759828	21.177488227377037
61	25.530922681553747	27.753584776526	25.751008165976664	20.96448437594358
62	28.013456838548112	27.36060404912048	25.196119844311017	19.429819268020395
63	26.271036315323293	25.367581930912316	23.542958370239152	24.818423383525243
64	27.907721884011533	22.07625760974047	26.209548221723804	23.80647228452419
65	19.873644564590105	29.107310998390183	24.885338517146067	26.133705919873645
66	14.388489208633093	36.69064748201439	25.899280575539567	23.021582733812952
67	15.281837160751566	34.80167014613779	31.06471816283925	18.8517745302714
68	10.484720758693362	36.09062170706006	35.98524762908325	17.43940990516333
69	2.5732031943212066	43.03460514640639	42.50221827861579	11.88997338065661
70	6.896551724137931	43.103448275862064	34.48275862068966	15.517241379310345
71	0.0	40.86538461538461	47.756410256410255	11.378205128205128
72	0.8051529790660225	40.57971014492754	46.05475040257649	12.560386473429952
73	0.1692047377326565	39.93231810490694	46.7005076142132	13.19796954314721
74	2.606310013717421	39.09465020576132	41.70096021947874	16.598079561042525
75	1.4705882352941175	13.23529411764706	76.47058823529412	8.823529411764707
76	NaN	NaN	NaN	NaN
>>END_MODULE
>>Per base GC content	pass
#Base	%GC
1	49.163879023450605
2	46.47329452131365
3	47.040855813633506
4	51.22490256847725
5	47.1111080535366
6	50.73989481179291
7	47.86063422503672
8	48.30883642855423
9	48.44178359022692
10	48.827725932779984
11	48.7016583137553
12	48.68824320559169
13	48.22920572240357
14	47.86149416786772
15	48.19962368901715
16	48.29610927465542
17	48.24227685343479
18	48.50559134828716
19	48.6990784852623
20	48.636302658599256
21	48.73229967354464
22	48.867359151545855
23	48.39575862299536
24	49.0066518532694
25	48.89763737333502
26	48.63802368466548
27	48.927069845934504
28	48.75732026491427
29	48.52554127167544
30	48.90304609308716
31	48.834899461414
32	48.673802215195956
33	48.644737174394045
34	48.72142645130727
35	48.35101425710376
36	48.629223740635595
37	48.72616295649114
38	48.53519099359197
39	48.588269613918065
40	48.73721294581891
41	48.20392745720582
42	48.46134644022277
43	48.29901121782642
44	48.03904865371978
45	48.29027936376633
46	48.30861008891225
47	47.89968185108211
48	48.12958760243469
49	48.06342004852683
50	47.85113463849315
51	47.93853904282116
52	47.77136487045328
53	47.546615999475854
54	47.75232818861193
55	47.521610291004926
56	47.38956161004597
57	47.290456791193556
58	46.99457469945747
59	46.76805253688153
60	46.71480074492705
61	46.49540705749733
62	47.443276106568504
63	51.089459698848536
64	51.71419416853572
65	46.00735048446375
66	37.410071942446045
67	34.13361169102296
68	27.92413066385669
69	14.463176574977817
70	22.413793103448278
71	11.378205128205128
72	13.365539452495975
73	13.367174280879865
74	19.204389574759944
75	10.294117647058822
76	NaN
>>END_MODULE
>>Per sequence GC content	pass
#GC Content	Count
0	15.0
1	16.0
2	22.0
3	25.5
4	26.0
5	32.0
6	40.5
7	46.5
8	53.5
9	62.5
10	76.0
11	95.0
12	117.0
13	155.0
14	190.0
15	232.0
16	314.5
17	404.5
18	548.0
19	719.0
20	982.0
21	1333.5
22	1640.0
23	2143.5
24	2791.0
25	3382.5
26	4113.0
27	5256.0
28	6434.5
29	7693.0
30	9472.0
31	11112.5
32	12796.5
33	14580.0
34	16621.5
35	19391.5
36	21758.0
37	23724.5
38	26044.0
39	27985.0
40	29704.0
41	31490.5
42	32725.0
43	33537.5
44	34387.5
45	35221.0
46	35565.0
47	35999.0
48	36545.5
49	36513.0
50	36853.0
51	37197.5
52	37000.5
53	37356.0
54	37467.0
55	36816.0
56	36210.5
57	35137.5
58	33831.0
59	32158.0
60	29916.0
61	28068.0
62	26174.5
63	23714.5
64	21310.0
65	19211.5
66	16858.5
67	14742.0
68	12971.5
69	11214.0
70	9634.0
71	8284.0
72	7134.5
73	5919.0
74	4817.0
75	3988.5
76	3279.5
77	2684.0
78	2145.5
79	1663.5
80	1256.5
81	951.5
82	776.5
83	592.5
84	427.5
85	331.0
86	264.0
87	224.0
88	158.0
89	94.5
90	62.5
91	44.5
92	41.0
93	26.0
94	10.0
95	6.5
96	4.0
97	4.0
98	2.5
99	0.5
100	0.0
>>END_MODULE
>>Per base N content	fail
#Base	N-Count
1	0.0
2	0.0
3	0.0
4	1.7198827039995872E-4
5	1.7198827039995872E-4
6	1.7198827039995872E-4
7	1.7198827039995872E-4
8	1.7198827039995872E-4
9	1.7198827039995872E-4
10	1.7198827039995872E-4
11	1.7198827039995872E-4
12	1.7198827039995872E-4
13	1.7198827039995872E-4
14	1.7198827039995872E-4
15	1.7198827039995872E-4
16	1.7198827039995872E-4
17	1.7198827039995872E-4
18	1.7198827039995872E-4
19	1.7198827039995872E-4
20	1.7198827039995872E-4
21	1.7327749177365107E-4
22	0.0
23	0.0
24	0.0
25	0.0
26	3.6016697340887237E-4
27	5.455547291411696E-4
28	0.0
29	3.7095496792166914E-4
30	1.8770565500826844E-4
31	0.0
32	0.0
33	0.002136826850977695
34	0.004913946960822084
35	0.0011897302484949912
36	0.0014013873734997648
37	0.0010112123222288738
38	0.0010223297258725073
39	0.0018619970539068835
40	0.00544545953395244
41	0.008270772362896042
42	0.008391951473002663
43	0.011554443228442242
44	0.008849772892703141
45	0.011687494381012317
46	0.010741457684370265
47	0.008145065951762592
48	0.0011869464378550453
49	0.007771460767480322
50	0.0032141700394848426
51	0.003274451970086622
52	0.006164230511399974
53	0.002882705340342675
54	0.004265608795685337
55	0.007373583998776531
56	0.011210762331838564
57	0.022531110263787308
58	0.040912009317187525
59	0.052671275143521434
60	0.08513574959770133
61	0.2653425193820497
62	2.593285158503029
63	97.5583698820924
64	98.51872594294177
65	21.658536585365855
66	99.66269504234512
67	61.02839476039379
68	57.84095957352287
69	69.06395827614602
70	98.31981460023175
71	80.78817733990148
72	79.16107382550337
73	79.0127840909091
74	59.13677130044843
75	96.10091743119266
76	100.0
>>END_MODULE
>>Sequence Length Distribution	warn
#Length	Count
20-21	9100.0
22-23	7981.0
24-25	9056.0
26-27	10065.0
28-29	12484.0
30-31	12163.0
32-33	11830.0
34-35	9251.0
36-37	10426.0
38-39	11617.0
40-41	12731.0
42-43	12742.0
44-45	14432.0
46-47	16308.0
48-49	16790.0
50-51	15116.0
52-53	14250.0
54-55	18293.0
56-57	21935.0
58-59	24772.0
60-61	37890.0
62-63	61506.0
64-65	169488.0
66-67	36707.0
68-69	1050.0
70-71	472.0
72-73	1196.0
74-75	98.0
76-77	1686.0
>>END_MODULE
>>Sequence Duplication Levels	pass
#Total Duplicate Percentage	3.488799483435158
#Duplication Level	Relative count
1	100.0
2	2.6782497709797948
3	0.21358064084485295
4	0.029849824503618005
5	0.004631869319526932
6	0.003087912879684621
7	0.0
8	5.146521466141036E-4
9	0.0
10++	5.146521466141036E-4
>>END_MODULE
>>Overrepresented sequences	pass
>>END_MODULE
>>Kmer Content	fail
#Sequence	Count	Obs/Exp Overall	Obs/Exp Max	Max Obs/Exp Position
TTTTT	73280	2.5189435	901.68945	71
GCTGG	64405	2.4755015	9.416115	60
CCAGC	58590	2.4414866	5.5857453	59
CAGCA	66010	2.4357514	9.039644	60
TGCTG	62620	2.378028	9.303192	60
TTTCT	60765	2.2525682	351.14725	67
CTCTG	54150	2.1910589	9.912512	60
TTCTT	56905	2.1094773	351.14725	68
CACAG	57040	2.104761	9.039644	60
TTCCT	51705	2.0670378	9.793637	60
CTGTG	53885	2.0463116	9.303192	60
CTCAG	52030	2.0104496	9.466022	60
CACTG	50965	1.969298	9.4660225	60
AAGAA	66380	1.9206364	14.176402	60
CAGTG	52940	1.9198691	8.884148	60
ACCTG	48700	1.881778	9.4660225	60
TCTTT	50560	1.874267	351.14722	69
TGATG	54935	1.8473336	8.238048	60
TCCTT	45855	1.8331693	9.793637	60
TGGGG	50770	1.8314666	8.837307	60
GCCTC	41965	1.8311937	10.689938	60
TTTTC	48940	1.8142135	81.03399	71
CCAGA	49080	1.811039	9.039644	60
CATCA	49595	1.8080955	8.931236	60
CACAC	45920	1.8054142	9.631702	60
CATCT	45475	1.7360905	9.352501	60
AGAGA	56380	1.7289758	7.512629	60
CTTTT	46200	1.7126411	263.3604	70
ACAGG	48245	1.6707975	8.483979	60
GTGTG	45580	1.6245251	17.462652	60
TCATC	42260	1.6133521	9.352501	60
AGGTG	47385	1.6127863	120.901596	61
ATGGA	49815	1.5997058	15.733962	60
TTTTG	45685	1.589448	17.046326	60
CTTGG	41250	1.5664908	9.303192	60
AAACA	49545	1.5274235	219.02098	70
CCAAA	41655	1.4502219	329.78595	68
AAAGG	46730	1.4330442	7.512629	60
GGGGA	41540	1.4310082	122.369095	61
AAGCA	43700	1.4278975	8.004675	60
GACAG	40895	1.4162557	8.483978	60
TTGTT	39660	1.3798294	8.523163	60
TGAGC	37520	1.3606628	128.82014	61
CATTG	36950	1.323922	8.777605	60
TCATG	36740	1.3163977	8.777605	60
GCCTT	32380	1.3101845	9.912512	60
ATGAG	40490	1.3002528	7.866982	60
CTGAC	33375	1.2896168	9.4660225	60
AATGA	42345	1.2829987	7.4225335	60
ATTCT	36215	1.2820257	8.672341	60
AGAGC	36915	1.2784225	8.483979	60
GGGCT	33110	1.2726318	9.416114	60
GCTCT	31050	1.256369	9.912512	60
CTTGC	30785	1.2456464	9.912512	60
ATGGG	36250	1.2337977	8.338041	60
TGGAT	36650	1.2324524	8.238048	60
AACAT	38020	1.2274053	7.9086795	60
GATGT	36460	1.2260631	8.238048	60
AAGAT	40305	1.2211895	7.4225345	60
GAGGT	35030	1.192274	8.338041	60
CTGAT	33265	1.1918881	8.777605	60
TGCAA	34730	1.1883286	8.382236	60
TGCAT	33150	1.1877676	8.777605	60
AAAAC	38520	1.1875336	7.5524483	60
ACTTG	32460	1.1630448	8.777605	60
AGCTT	32045	1.1481754	8.777605	60
TTGAG	33930	1.1409855	8.238049	60
GACTG	30825	1.1178685	8.884148	60
GATGC	30635	1.1109782	8.884148	60
ATCAC	30305	1.104836	8.931237	60
GAAAC	33765	1.1032712	8.004674	60
GTCAG	30285	1.0982854	8.884148	60
ACCAA	31520	1.0973711	329.78595	67
GACAT	31835	1.0892726	8.382235	60
TGGTT	30660	1.0796539	8.6266165	60
AAGAC	33015	1.078765	8.004674	60
TGATT	32435	1.0776318	8.139254	60
CAAAC	30825	1.0731746	329.78595	69
AACTT	31625	1.0691105	120.08484	61
AGTCA	31235	1.068743	8.382236	60
ATGTC	29825	1.0686326	127.275276	61
TGAGT	31460	1.0579251	8.238048	60
GGGAC	28305	1.0389401	8.991983	60
AGTCT	28945	1.0371021	8.777605	60
GCATT	28710	1.028682	127.275276	61
AGACT	29275	1.0016792	8.382236	60
GACAC	26900	0.99260277	9.039643	60
TACTG	25400	0.9100845	8.777606	60
AGATT	28400	0.90107024	7.7726374	60
TACAT	26455	0.8943342	8.281713	60
ATTTA	28310	0.8874429	7.679425	60
TAAAG	28335	0.8585139	7.4225345	60
TTGTA	25740	0.8551948	24.41776	60
AATAT	28435	0.85121167	7.33352	60
TTTAC	23850	0.8442996	8.672339	60
TTACT	23780	0.8418216	125.74895	61
TCATA	24775	0.8375402	8.281712	60
TAGAA	27180	0.8235189	7.4225345	60
TGTAC	21860	0.7832459	127.27529	61
TAATG	24670	0.78272545	7.7726374	60
CCTAC	18640	0.767427	10.086007	60
AATTG	23590	0.74845934	7.7726364	60
ATAAT	24835	0.7434445	7.3335204	60
AATAC	22335	0.72104394	15.817355	60
ATATG	22360	0.70943415	7.7726374	60
GGCGG	17590	0.6843041	9.530406	60
TTATA	21550	0.67553496	7.679425	60
ATTAC	19960	0.6747651	8.281713	60
TAGCT	18425	0.6601695	8.777605	60
CAGCG	16735	0.6544928	6.2908688	59
ATAGA	21045	0.6376363	7.4225345	60
TAACT	18720	0.6328458	8.281713	60
TAGAT	18000	0.57110083	7.7726374	60
TAGTT	16760	0.5568401	8.139254	60
CTAAT	16035	0.542077	8.281712	60
CACGT	12765	0.4932422	9.4660225	60
AGCCG	12505	0.4890608	9.58092	60
CGTGA	12880	0.4670932	8.884148	60
AAGCG	10760	0.37263513	8.483979	60
TGCGC	9065	0.37124717	10.03283	60
ACGAG	10280	0.35601196	8.483978	60
CAACG	9105	0.33597207	18.079288	60
AAACG	9535	0.3115561	8.004674	60
GGTCG	6680	0.2567557	9.416115	60
AATCG	7130	0.24396148	8.382235	60
TTCGC	5960	0.24115813	9.912513	60
GTCGA	5535	0.20072676	8.884148	60
TTACG	4565	0.16356438	8.777605	60
>>END_MODULE
