##FastQC	0.10.1
>>Basic Statistics	pass
#Measure	Value	
Filename	SRR1533626_2.trim.fq	
File type	Conventional base calls	
Encoding	Sanger / Illumina 1.9	
Total Sequences	9630	
Filtered Sequences	0	
Sequence length	36-76	
%GC	44	
>>END_MODULE
>>Per base sequence quality	pass
#Base	Mean	Median	Lower Quartile	Upper Quartile	10th Percentile	90th Percentile
1	38.626168224299064	39.0	39.0	39.0	38.0	39.0
2	38.52793354101765	39.0	39.0	39.0	38.0	39.0
3	38.48348909657321	39.0	39.0	39.0	37.0	39.0
4	38.35877466251298	39.0	39.0	39.0	37.0	39.0
5	38.481308411214954	39.0	39.0	39.0	37.0	39.0
6	38.50882658359294	39.0	39.0	39.0	38.0	39.0
7	38.48556593977155	39.0	39.0	39.0	37.0	39.0
8	38.469055036344756	39.0	39.0	39.0	37.0	39.0
9	38.41422637590862	39.0	39.0	39.0	37.0	39.0
10	38.411007268951195	39.0	39.0	39.0	37.0	39.0
11	38.280685358255454	39.0	39.0	39.0	37.0	39.0
12	38.34444444444444	39.0	39.0	39.0	37.0	39.0
13	38.248390446521285	39.0	39.0	39.0	37.0	39.0
14	38.16677050882658	39.0	39.0	39.0	36.0	39.0
15	38.22263759086189	39.0	39.0	39.0	37.0	39.0
16	38.13364485981308	39.0	39.0	39.0	36.0	39.0
17	38.13904465212877	39.0	39.0	39.0	36.0	39.0
18	38.12564901349948	39.0	38.0	39.0	36.0	39.0
19	38.030425752855656	39.0	38.0	39.0	36.0	39.0
20	38.0134994807892	39.0	38.0	39.0	36.0	39.0
21	38.145171339563866	39.0	39.0	39.0	36.0	39.0
22	38.10072689511942	39.0	39.0	39.0	36.0	39.0
23	37.98369678089304	39.0	38.0	39.0	36.0	39.0
24	37.91121495327103	39.0	38.0	39.0	36.0	39.0
25	38.03717549325026	39.0	38.0	39.0	36.0	39.0
26	37.78618899273105	39.0	38.0	39.0	36.0	39.0
27	37.835410176531674	39.0	38.0	39.0	36.0	39.0
28	37.66272066458983	39.0	38.0	39.0	35.0	39.0
29	37.81079958463136	39.0	38.0	39.0	36.0	39.0
30	37.80498442367601	39.0	38.0	39.0	36.0	39.0
31	37.723883696780895	39.0	38.0	39.0	35.0	39.0
32	37.79989615784008	39.0	38.0	39.0	36.0	39.0
33	37.790342679127725	39.0	38.0	39.0	35.0	39.0
34	37.67154724818276	39.0	37.0	39.0	35.0	39.0
35	37.64288681204569	39.0	37.0	39.0	35.0	39.0
36	37.62492211838006	39.0	37.0	39.0	35.0	39.0
37	37.45579220779221	39.0	37.0	39.0	34.0	39.0
38	37.503222453222456	39.0	37.0	39.0	35.0	39.0
39	37.4722598105548	39.0	37.0	39.0	34.0	39.0
40	37.44176832447086	39.0	37.0	39.0	34.0	39.0
41	37.38496868475992	39.0	37.0	39.0	34.0	39.0
42	37.316135770234986	39.0	37.0	39.0	34.0	39.0
43	37.19272575250836	39.0	37.0	39.0	33.0	39.0
44	37.21335147012661	39.0	37.0	39.0	34.0	39.0
45	37.09652064556697	39.0	37.0	39.0	33.0	39.0
46	36.797227764359974	38.0	36.0	39.0	33.0	39.0
47	36.79796175667157	38.0	36.0	39.0	33.0	39.0
48	36.62904922170804	38.0	36.0	39.0	33.0	39.0
49	36.6172228655648	38.0	36.0	39.0	32.0	39.0
50	36.473639814424295	38.0	36.0	39.0	32.0	39.0
51	37.17859786401607	39.0	37.0	39.0	34.0	39.0
52	37.119221411192214	39.0	37.0	39.0	34.0	39.0
53	37.093624232154205	38.0	37.0	39.0	34.0	39.0
54	37.08989716951129	38.0	37.0	39.0	34.0	39.0
55	37.095313994262035	38.0	37.0	39.0	34.0	39.0
56	37.43748668796592	39.0	37.0	39.0	35.0	39.0
57	37.35368712702472	39.0	37.0	39.0	34.0	39.0
58	37.30859458306675	39.0	37.0	39.0	34.0	39.0
59	37.32140568254646	39.0	37.0	39.0	34.0	39.0
60	37.28146085466424	39.0	37.0	39.0	34.0	39.0
61	37.283041187224434	39.0	37.0	39.0	34.0	39.0
62	37.16313354137523	39.0	37.0	39.0	33.0	39.0
63	37.12258968006032	39.0	37.0	39.0	33.0	39.0
64	37.00885146804836	39.0	37.0	39.0	33.0	39.0
65	37.01656381942189	39.0	37.0	39.0	33.0	39.0
66	36.92376291462752	39.0	36.0	39.0	33.0	39.0
67	36.79390310288514	38.0	36.0	39.0	33.0	39.0
68	36.75425392670157	38.0	36.0	39.0	33.0	39.0
69	36.733821600349806	38.0	36.0	39.0	33.0	39.0
70	36.57717236076019	38.0	36.0	39.0	32.0	39.0
71	36.670317512999226	38.0	36.0	39.0	32.0	39.0
72	36.38968957871397	38.0	36.0	39.0	31.0	39.0
73	36.45490892936473	38.0	36.0	39.0	32.0	39.0
74	36.38989853941354	38.0	36.0	39.0	31.0	39.0
75	36.4334118703018	38.0	36.0	39.0	32.0	39.0
76	35.79574903387133	37.0	35.0	39.0	30.0	39.0
>>END_MODULE
>>Per sequence quality scores	pass
#Quality	Count
21	1.0
22	1.0
23	2.0
24	3.0
25	10.0
26	17.0
27	32.0
28	36.0
29	44.0
30	73.0
31	104.0
32	132.0
33	190.0
34	321.0
35	442.0
36	798.0
37	1658.0
38	5763.0
39	3.0
>>END_MODULE
>>Per base sequence content	warn
#Base	G	A	T	C
1	22.004153686396677	30.654205607476637	25.93977154724818	21.401869158878505
2	22.57528556593977	30.155763239875387	27.850467289719628	19.418483904465216
3	22.72066458982347	27.98546209761163	28.67082035306334	20.62305295950156
4	23.696780893042575	26.261682242990652	28.909657320872274	21.131879543094495
5	22.139148494288683	28.006230529595015	27.892004153686393	21.962616822429908
6	21.993769470404985	27.570093457943923	26.70820353063344	23.727933541017656
7	21.61993769470405	27.331256490134997	28.099688473520253	22.949117341640708
8	21.370716510903424	26.697819314641748	28.69158878504673	23.2398753894081
9	21.61993769470405	26.303219106957425	28.089304257528557	23.98753894080997
10	21.287642782969883	27.27933541017653	27.954309449636554	23.47871235721703
11	21.131879543094495	28.037383177570092	29.034267912772588	21.796469366562825
12	21.9730010384216	26.614745586708207	28.421599169262716	22.990654205607477
13	21.484942886812046	27.663551401869157	28.120456905503634	22.73104880581516
14	22.01453790238837	27.258566978193144	28.66043613707165	22.06645898234683
15	22.035306334371754	27.14434060228453	27.653167185877464	23.167185877466252
16	21.651090342679126	27.185877466251295	28.245067497403948	22.91796469366563
17	21.142263759086187	27.12357217030114	29.12772585669782	22.60643821391485
18	22.21183800623053	26.479750778816197	27.549325025960542	23.759086188992733
19	20.965732087227416	27.580477673935615	28.69158878504673	22.76220145379024
20	22.118380062305295	27.15472481827622	28.753894080996883	21.9730010384216
21	21.85877466251298	27.289719626168225	27.78816199376947	23.063343717549326
22	22.29491173416407	26.791277258566975	28.047767393561784	22.866043613707166
23	22.159916926272068	26.96780893042575	28.120456905503634	22.751817237798548
24	21.910695742471443	27.061266874350988	27.53894080996885	23.489096573208723
25	22.44029075804777	27.39356178608515	27.570093457943923	22.596053997923157
26	22.024922118380065	26.843198338525443	28.556593977154726	22.57528556593977
27	21.453790238836966	27.227414330218068	28.29698857736241	23.021806853582554
28	21.527272727272727	27.17922077922078	28.249350649350653	23.044155844155846
29	22.741433021806852	26.479750778816197	27.289719626168225	23.489096573208723
30	21.18380062305296	27.07165109034268	28.110072689511945	23.63447559709242
31	22.36760124610592	26.458982346832816	28.047767393561784	23.12564901349948
32	22.024922118380065	27.372793354101766	27.975077881619935	22.627206645898234
33	22.149532710280372	26.895119418483905	28.473520249221185	22.48182762201454
34	22.315680166147455	26.99896157840083	27.78816199376947	22.897196261682243
35	22.09761163032191	27.39356178608515	27.91277258566978	22.596053997923157
36	22.36760124610592	26.614745586708207	27.580477673935615	23.43717549325026
37	21.87012987012987	27.27272727272727	27.532467532467532	23.324675324675326
38	22.30769230769231	27.245322245322246	26.954261954261955	23.492723492723496
39	22.150515249297385	27.126053919017384	27.396689913604668	23.326740918080567
40	22.375143363570015	27.81774580335731	26.827233865081844	22.979876967990826
41	22.045929018789142	26.97286012526096	27.755741127348642	23.225469728601254
42	21.942558746736292	27.624020887728463	27.843342036553526	22.590078328981722
43	22.293060200668897	26.6304347826087	28.281772575250834	22.79473244147157
44	22.297792194203204	26.504133096159883	27.696976038505806	23.501098671131107
45	22.290924334521065	27.42611611821421	27.824355481031233	22.458604066233494
46	21.936364590990234	26.95579124225559	27.38632783786622	23.721516328887958
47	21.254465223786507	26.88590039924354	28.2937591931078	23.565875183862158
48	22.402187631468237	27.198148927219183	26.809002944888515	23.590660496424064
49	21.812822402358144	28.01347510264238	26.918623012948732	23.255079482050743
50	22.037115141290595	27.667650780261493	27.64656263180093	22.648671446646983
51	22.258644390398647	26.403722110605898	27.6303267420958	23.70730675689965
52	22.056490003173597	27.620861102295567	27.610282450015866	22.71236644451497
53	22.484643084092355	26.73162465579326	27.82249523406058	22.9612370260538
54	22.304675076857837	27.350789780557616	28.018657903106114	22.325877239478427
55	22.16555095101477	26.96844118584635	27.44660503665923	23.41940282647965
56	22.55591054313099	27.4653887113951	27.678381256656014	22.30031948881789
57	21.88832054560955	26.47058823529412	28.495311167945438	23.145780051150894
58	22.179569204521222	26.89272766048198	27.959053103007037	22.968650031989764
59	22.06793420209357	27.195043794061096	27.92138431958983	22.815637684255503
60	22.191281996358573	26.989397022598265	27.3428296026561	23.476491378387063
61	22.6691042047532	27.01365738251425	27.852457253468117	22.464781159264437
62	22.145701065317983	27.44000860863015	28.257828473044228	22.156461853007638
63	22.6974038565119	27.404933749865346	27.66347086071313	22.23419153290962
64	22.787132987910187	27.784974093264246	26.230569948186528	23.197322970639036
65	22.626393850817365	26.816065822236656	27.443975316661252	23.113565010284727
66	22.61011419249592	26.677542142468734	27.449700924415442	23.262642740619903
67	23.26619488296135	27.795318454001087	27.207403375068047	21.731083287969515
68	21.924083769633505	27.137870855148343	27.465095986038396	23.472949389179757
69	21.75338871884565	28.04984696108439	27.448622649759507	22.748141670310453
70	22.97044930242777	27.529385916730746	27.221795012633198	22.278369768208282
71	22.49142604270384	27.00519969023122	27.967695541542202	22.535678725522736
72	22.88248337028825	26.36363636363636	28.425720620842572	22.328159645232816
73	22.090182141270546	27.709906708129722	27.876499333629496	22.323411816970236
74	22.57776786709778	27.037573865536853	28.498160330025645	21.886497937339726
75	22.58498821945473	27.252328060136875	27.6674520363514	22.495231684056996
76	22.00500113662196	27.710843373493976	27.722209593089335	22.56194589679473
>>END_MODULE
>>Per base GC content	pass
#Base	%GC
1	43.40602284527518
2	41.993769470404985
3	43.34371754932503
4	44.82866043613708
5	44.10176531671859
6	45.72170301142264
7	44.56905503634476
8	44.610591900311526
9	45.60747663551402
10	44.76635514018692
11	42.92834890965732
12	44.96365524402908
13	44.215991692627206
14	44.0809968847352
15	45.202492211838006
16	44.56905503634476
17	43.74870197300103
18	45.97092419522326
19	43.727933541017656
20	44.09138110072689
21	44.9221183800623
22	45.16095534787124
23	44.91173416407061
24	45.399792315680166
25	45.03634475597092
26	44.600207684319834
27	44.47559709241952
28	44.57142857142857
29	46.230529595015575
30	44.81827622014538
31	45.493250259605404
32	44.652128764278295
33	44.63136033229491
34	45.2128764278297
35	44.693665628245064
36	45.80477673935618
37	45.19480519480519
38	45.8004158004158
39	45.47725616737795
40	45.35502033156084
41	45.27139874739039
42	44.532637075718014
43	45.08779264214047
44	45.79889086533431
45	44.749528400754556
46	45.65788091987819
47	44.820340407648665
48	45.9928481278923
49	45.06790188440888
50	44.685786587937585
51	45.9659511472983
52	44.76885644768856
53	45.445880110146156
54	44.630552316336264
55	45.58495377749442
56	44.85623003194888
57	45.034100596760446
58	45.14821923651098
59	44.883571886349074
60	45.667773374745636
61	45.13388536401764
62	44.30216291832562
63	44.931595389421524
64	45.984455958549226
65	45.73995886110209
66	45.872756933115824
67	44.99727817093087
68	45.397033158813265
69	44.5015303891561
70	45.24881907063605
71	45.02710476822657
72	45.210643015521065
73	44.41359395824078
74	44.46426580443751
75	45.080219903511725
76	44.56694703341669
>>END_MODULE
>>Per sequence GC content	pass
#GC Content	Count
0	0.0
1	0.0
2	0.0
3	0.0
4	0.0
5	0.0
6	0.0
7	0.0
8	0.0
9	0.0
10	0.0
11	0.0
12	0.0
13	0.5
14	0.5
15	1.5
16	2.5
17	2.5
18	5.5
19	11.0
20	18.0
21	22.5
22	23.0
23	26.5
24	44.0
25	58.0
26	74.5
27	100.5
28	123.5
29	138.5
30	157.5
31	181.0
32	213.5
33	240.5
34	276.0
35	333.0
36	374.5
37	397.5
38	421.5
39	450.0
40	477.5
41	492.5
42	495.0
43	503.5
44	505.5
45	485.5
46	464.5
47	475.0
48	469.0
49	456.0
50	460.5
51	439.0
52	399.0
53	373.0
54	375.5
55	367.0
56	312.5
57	278.0
58	271.5
59	247.5
60	204.0
61	165.0
62	152.5
63	120.5
64	87.0
65	71.5
66	42.5
67	26.0
68	20.5
69	13.0
70	9.0
71	6.5
72	3.0
73	0.5
74	0.5
75	1.5
76	2.0
77	1.5
78	0.5
79	0.0
80	0.0
81	0.5
82	0.5
83	0.0
84	0.0
85	0.0
86	0.0
87	0.0
88	0.0
89	0.0
90	0.0
91	0.0
92	0.0
93	0.0
94	0.0
95	0.0
96	0.0
97	0.0
98	0.0
99	0.0
100	0.0
>>END_MODULE
>>Per base N content	pass
#Base	N-Count
1	0.0
2	0.0
3	0.0
4	0.0
5	0.0
6	0.0
7	0.0
8	0.0
9	0.0
10	0.0
11	0.0
12	0.0
13	0.0
14	0.0
15	0.0
16	0.0
17	0.0
18	0.0
19	0.0
20	0.0
21	0.0
22	0.0
23	0.0
24	0.0
25	0.0
26	0.0
27	0.0
28	0.05192107995846314
29	0.0
30	0.0
31	0.0
32	0.0
33	0.0
34	0.0
35	0.0
36	0.0
37	0.0
38	0.0
39	0.0
40	0.0
41	0.0
42	0.0
43	0.0
44	0.0
45	0.0
46	0.0
47	0.0
48	0.0
49	0.0
50	0.0
51	0.0
52	0.0
53	0.0
54	0.0
55	0.0
56	0.0
57	0.0
58	0.0
59	0.0
60	0.0
61	0.0
62	0.0
63	0.0
64	0.0
65	0.0
66	0.0
67	0.0
68	0.0
69	0.0
70	0.0
71	0.0
72	0.0
73	0.0
74	0.0
75	0.0
76	0.0
>>END_MODULE
>>Sequence Length Distribution	warn
#Length	Count
36	5.0
37	5.0
38	13.0
39	16.0
40	11.0
41	5.0
42	7.0
43	11.0
44	15.0
45	19.0
46	5.0
47	10.0
48	9.0
49	15.0
50	27.0
51	4.0
52	11.0
53	9.0
54	22.0
55	21.0
56	6.0
57	6.0
58	16.0
59	25.0
60	38.0
61	6.0
62	10.0
63	19.0
64	27.0
65	42.0
66	10.0
67	17.0
68	20.0
69	45.0
70	64.0
71	19.0
72	16.0
73	35.0
74	56.0
75	115.0
76	8798.0
>>END_MODULE
>>Sequence Duplication Levels	pass
#Total Duplicate Percentage	0.12461059190031153
#Duplication Level	Relative count
1	100.0
2	0.06238303181534623
3	0.0
4	0.0
5	0.0
6	0.0
7	0.0
8	0.0
9	0.0
10++	0.0
>>END_MODULE
>>Overrepresented sequences	pass
>>END_MODULE
>>Kmer Content	warn
#Sequence	Count	Obs/Exp Overall	Obs/Exp Max	Max Obs/Exp Position
CTGGG	1245	2.7159762	5.680295	66
CCTGG	1280	2.7008808	5.4942665	66
TGCTG	1535	2.6229696	6.6651545	9
GCTGG	1190	2.5959933	5.646466	65
CCAGG	1195	2.5813005	7.6595507	9
CCCAG	1180	2.465423	5.2240644	38
CAGCA	1420	2.4595888	5.530633	33
TCCAG	1450	2.453392	6.0028453	27
CAGGG	1090	2.4342115	8.239755	62
AGCAG	1345	2.4085608	5.7268176	34
AGAAG	1580	2.3456168	5.7906227	11
GGTGG	1040	2.3455849	5.598201	32
GGAAG	1265	2.3420007	6.0337353	51
GGAGG	1005	2.3203797	6.011838	66
CCCCA	1140	2.3038445	5.971595	64
CACAG	1300	2.2517362	6.7561526	13
CCAGC	1075	2.2460423	5.367228	59
TGCAG	1280	2.2390823	5.85624	66
GGCTG	1020	2.2251372	5.4148607	15
TTCCA	1675	2.2199445	5.6395073	7
CAGAG	1235	2.211578	5.1144533	36
CAGCC	1035	2.1624687	7.4087014	18
CTGGA	1225	2.1428719	5.74362	56
CTGCT	1295	2.140393	5.274714	17
CAGAA	1485	2.1323833	5.612638	34
CCTCT	1330	2.1262496	5.1420145	39
CTCCA	1295	2.1193738	5.8764653	44
CTCCC	1060	2.092565	5.600099	15
CTCTG	1265	2.0908086	5.274714	31
CAGGA	1155	2.068318	5.12517	40
GTGTG	1170	2.0669594	5.011511	2
CCCTG	1010	2.0613685	6.513425	16
CTTCT	1585	2.0520191	5.049838	6
GCAGA	1140	2.0414567	6.379727	35
TGGCC	965	2.0362108	6.2316437	63
CCTGC	990	2.0205495	5.0659976	17
GAGGA	1085	2.0087516	5.4647326	62
GCTGC	950	2.00456	5.3260155	49
CCACC	990	2.0007067	5.0795436	44
CAGCT	1175	1.9880937	5.3997555	2
GCAGG	885	1.976401	6.3351135	23
TTTCT	1885	1.9763004	5.204778	13
TCTCC	1210	1.9344075	5.7890835	51
GGGAG	835	1.9278775	6.011838	66
CACCA	1150	1.9266853	5.521608	57
CAGGC	890	1.9224749	5.4957986	54
GAGAA	1280	1.9002465	5.2751584	34
GCCTC	930	1.8980917	5.245758	60
AGCCA	1095	1.8966547	5.568237	38
ACAGG	1055	1.8892428	7.10292	49
TCTCT	1455	1.8837147	5.572567	43
GGCAG	835	1.8647401	5.908274	70
GCCAG	860	1.8576723	6.1276402	32
TGAGG	1005	1.817554	5.7716026	11
TCCCA	1110	1.816606	5.4082437	60
TCACC	1070	1.7511429	5.2229147	16
TCCTC	1095	1.7505589	5.1663465	45
CACCC	865	1.7480923	5.152689	55
CTGAA	1245	1.746357	5.0928836	53
GGGTG	760	1.7140812	5.598201	3
AGGGA	925	1.7125301	5.25466	24
CCCAC	840	1.6975695	5.202635	61
TCCTT	1310	1.6959906	5.1405854	50
TCTGC	1020	1.6858696	5.494375	64
CATCC	1030	1.6856797	6.606524	59
CTTGG	970	1.6575121	5.4561415	26
CAGGT	945	1.6530727	5.239794	67
GGAAA	1105	1.6404474	5.330629	44
AGGGG	710	1.639273	5.966342	63
AGATG	1130	1.6387143	5.6565304	20
TCAGG	935	1.6355798	5.1466794	61
GCTGA	930	1.6268334	5.006487	41
GGGGG	555	1.598021	5.4805727	71
CTGTT	1180	1.5794114	6.1700573	13
ATGAG	1080	1.5662048	5.1664424	35
GGTGA	860	1.5553199	5.771603	4
GAAAG	1040	1.5439503	5.4480677	59
TTCCC	955	1.5267432	5.2101755	51
CTGGT	870	1.4866344	5.2686596	72
AGAGC	815	1.4594624	5.082571	28
GGGCA	635	1.4180957	5.7491927	61
AAGGG	760	1.4070518	5.2519317	29
GCCCT	620	1.2653946	5.0659976	29
AGCAC	715	1.2384549	5.5277615	21
GAAGT	850	1.2326612	6.17076	1
>>END_MODULE
