##FastQC	0.10.1
>>Basic Statistics	pass
#Measure	Value	
Filename	SRR1533626_2.temp.fq	
File type	Conventional base calls	
Encoding	Sanger / Illumina 1.9	
Total Sequences	10000	
Filtered Sequences	0	
Sequence length	76	
%GC	45	
>>END_MODULE
>>Per base sequence quality	pass
#Base	Mean	Median	Lower Quartile	Upper Quartile	10th Percentile	90th Percentile
1	38.4559	39.0	39.0	39.0	38.0	39.0
2	38.3341	39.0	39.0	39.0	37.0	39.0
3	38.2824	39.0	39.0	39.0	37.0	39.0
4	38.1567	39.0	39.0	39.0	37.0	39.0
5	38.2929	39.0	39.0	39.0	37.0	39.0
6	38.3059	39.0	39.0	39.0	37.0	39.0
7	38.2895	39.0	39.0	39.0	37.0	39.0
8	38.2605	39.0	39.0	39.0	37.0	39.0
9	38.2012	39.0	39.0	39.0	37.0	39.0
10	38.1618	39.0	39.0	39.0	37.0	39.0
11	38.021	39.0	39.0	39.0	36.0	39.0
12	38.0788	39.0	39.0	39.0	37.0	39.0
13	37.9782	39.0	39.0	39.0	36.0	39.0
14	37.8789	39.0	39.0	39.0	36.0	39.0
15	37.9503	39.0	39.0	39.0	36.0	39.0
16	37.8053	39.0	38.0	39.0	36.0	39.0
17	37.8148	39.0	38.0	39.0	36.0	39.0
18	37.782	39.0	38.0	39.0	36.0	39.0
19	37.6785	39.0	38.0	39.0	36.0	39.0
20	37.6461	39.0	38.0	39.0	36.0	39.0
21	37.748	39.0	38.0	39.0	36.0	39.0
22	37.7154	39.0	38.0	39.0	36.0	39.0
23	37.5687	39.0	38.0	39.0	35.0	39.0
24	37.4951	39.0	38.0	39.0	35.0	39.0
25	37.598	39.0	38.0	39.0	36.0	39.0
26	37.2994	39.0	38.0	39.0	35.0	39.0
27	37.3576	39.0	38.0	39.0	35.0	39.0
28	37.1714	39.0	37.0	39.0	34.0	39.0
29	37.2958	39.0	38.0	39.0	35.0	39.0
30	37.2446	39.0	37.0	39.0	35.0	39.0
31	37.1385	39.0	37.0	39.0	34.0	39.0
32	37.2191	39.0	37.0	39.0	35.0	39.0
33	37.1968	39.0	37.0	39.0	35.0	39.0
34	37.0651	39.0	37.0	39.0	34.0	39.0
35	36.995	39.0	37.0	39.0	34.0	39.0
36	36.9669	39.0	37.0	39.0	34.0	39.0
37	36.7885	39.0	37.0	39.0	33.0	39.0
38	36.8296	39.0	37.0	39.0	33.0	39.0
39	36.7445	39.0	37.0	39.0	33.0	39.0
40	36.6672	39.0	37.0	39.0	33.0	39.0
41	36.5754	39.0	37.0	39.0	33.0	39.0
42	36.5023	39.0	37.0	39.0	33.0	39.0
43	36.3399	39.0	37.0	39.0	33.0	39.0
44	36.334	39.0	37.0	39.0	33.0	39.0
45	36.1397	39.0	36.0	39.0	32.0	39.0
46	35.8087	38.0	36.0	39.0	31.0	39.0
47	35.775	38.0	36.0	39.0	31.0	39.0
48	35.5779	38.0	36.0	39.0	30.0	39.0
49	35.5395	38.0	36.0	39.0	30.0	39.0
50	35.3429	37.0	35.0	39.0	30.0	39.0
51	35.9428	38.0	36.0	39.0	32.0	39.0
52	35.8631	38.0	36.0	39.0	31.0	39.0
53	35.8061	38.0	36.0	39.0	31.0	39.0
54	35.7745	38.0	36.0	39.0	31.0	39.0
55	35.6873	38.0	36.0	39.0	31.0	39.0
56	35.9997	39.0	37.0	39.0	32.0	39.0
57	35.8874	39.0	37.0	39.0	31.0	39.0
58	35.8178	39.0	36.0	39.0	31.0	39.0
59	35.7673	39.0	37.0	39.0	31.0	39.0
60	35.6465	39.0	36.0	39.0	31.0	39.0
61	35.5366	39.0	36.0	39.0	31.0	39.0
62	35.4011	39.0	36.0	39.0	30.0	39.0
63	35.303	39.0	36.0	39.0	30.0	39.0
64	35.111	39.0	36.0	39.0	29.0	39.0
65	35.0225	39.0	36.0	39.0	29.0	39.0
66	34.7526	38.0	36.0	39.0	28.0	39.0
67	34.5783	38.0	36.0	39.0	27.0	39.0
68	34.4899	38.0	35.0	39.0	27.0	39.0
69	34.399	38.0	35.0	39.0	26.0	39.0
70	34.0963	38.0	35.0	39.0	25.0	39.0
71	33.9428	38.0	35.0	39.0	24.0	39.0
72	33.5937	38.0	35.0	39.0	22.0	39.0
73	33.6064	38.0	35.0	39.0	22.0	39.0
74	33.4229	38.0	34.0	39.0	21.0	39.0
75	33.2599	38.0	34.0	39.0	20.0	39.0
76	32.3037	37.0	33.0	39.0	2.0	39.0
>>END_MODULE
>>Per sequence quality scores	pass
#Quality	Count
2	25.0
3	0.0
4	1.0
5	7.0
6	8.0
7	2.0
8	9.0
9	10.0
10	11.0
11	10.0
12	11.0
13	9.0
14	19.0
15	27.0
16	18.0
17	15.0
18	20.0
19	31.0
20	20.0
21	28.0
22	36.0
23	41.0
24	32.0
25	47.0
26	61.0
27	67.0
28	64.0
29	76.0
30	92.0
31	139.0
32	146.0
33	180.0
34	283.0
35	421.0
36	760.0
37	1586.0
38	5686.0
39	2.0
>>END_MODULE
>>Per base sequence content	warn
#Base	G	A	T	C
1	22.259999999999998	30.44	25.869999999999997	21.43
2	22.68	30.009999999999998	27.85	19.46
3	22.75	27.800000000000004	28.73	20.72
4	23.75	26.22	28.84	21.19
5	22.43	27.85	27.73	21.990000000000002
6	22.259999999999998	27.450000000000003	26.46	23.830000000000002
7	21.9	27.29	27.950000000000003	22.86
8	21.5	26.840000000000003	28.46	23.200000000000003
9	21.740000000000002	26.31	27.97	23.98
10	21.55	27.27	27.82	23.36
11	21.47	27.889999999999997	28.92	21.72
12	22.1	26.55	28.29	23.06
13	21.959999999999997	27.38	27.92	22.74
14	22.13	27.089999999999996	28.71	22.07
15	22.17	26.979999999999997	27.439999999999998	23.41
16	21.95	26.97	28.110000000000003	22.97
17	21.36	26.87	29.220000000000002	22.55
18	22.62	26.369999999999997	27.400000000000002	23.61
19	21.25	27.400000000000002	28.720000000000002	22.63
20	22.3	27.05	28.689999999999998	21.959999999999997
21	22.14	27.12	27.650000000000002	23.09
22	22.67	26.52	27.889999999999997	22.919999999999998
23	22.470000000000002	26.91	27.93	22.689999999999998
24	22.18	26.83	27.49	23.5
25	22.49	27.43	27.38	22.7
26	22.17	26.919999999999998	28.439999999999998	22.470000000000002
27	21.790000000000003	27.060000000000002	28.09	23.06
28	21.77306383830298	27.366419851911143	27.826696017610566	23.033820292175307
29	22.99	26.41	27.13	23.47
30	21.52	26.97	28.12	23.39
31	22.770000000000003	26.16	27.839999999999996	23.23
32	22.35	27.21	27.779999999999998	22.66
33	22.33	26.810000000000002	28.32	22.54
34	22.61	26.939999999999998	27.589999999999996	22.86
35	22.25	27.41	27.77	22.57
36	22.56	26.39	27.66	23.39
37	22.11	27.02	27.46	23.41
38	22.52	27.169999999999998	26.889999999999997	23.419999999999998
39	22.25	26.86	27.41	23.48
40	22.71	27.529999999999998	26.6	23.16
41	22.43	26.91	27.57	23.09
42	22.17	27.49	27.73	22.61
43	22.52	26.43	28.110000000000003	22.939999999999998
44	22.770000000000003	26.5	27.310000000000002	23.419999999999998
45	22.66	27.229999999999997	27.750000000000004	22.36
46	22.12	26.77	27.169999999999998	23.94
47	21.68	26.72	28.08	23.52
48	22.66	26.950000000000003	26.590000000000003	23.799999999999997
49	22.07	27.77	26.669999999999998	23.49
50	22.21	27.43	27.48	22.88
51	22.59	26.229999999999997	27.589999999999996	23.59
52	22.39	27.32	27.55	22.74
53	22.57	26.450000000000003	27.77	23.21
54	22.56	27.08	27.76	22.6
55	22.57	26.71	27.169999999999998	23.549999999999997
56	22.91	27.16	27.57	22.36
57	22.11	26.32	28.389999999999997	23.18
58	22.470000000000002	26.810000000000002	27.68	23.04
59	22.48	27.22	27.63	22.67
60	22.42	26.979999999999997	27.04	23.56
61	22.96	26.83	27.589999999999996	22.62
62	22.509999999999998	27.250000000000004	27.83	22.41
63	23.04	27.189999999999998	27.52	22.25
64	23.189999999999998	27.689999999999998	25.869999999999997	23.25
65	23.07	26.83	26.950000000000003	23.150000000000002
66	22.99	26.71	26.83	23.47
67	23.78	27.54	26.900000000000002	21.78
68	22.52	26.939999999999998	27.139999999999997	23.400000000000002
69	22.439999999999998	27.71	27.16	22.689999999999998
70	23.200000000000003	27.310000000000002	26.93	22.56
71	22.97	26.86	27.62	22.55
72	23.369999999999997	26.26	27.91	22.46
73	23.01	27.32	27.36	22.31
74	23.400000000000002	26.72	27.77	22.11
75	23.200000000000003	26.88	27.26	22.66
76	22.85	27.22	27.41	22.52
>>END_MODULE
>>Per base GC content	pass
#Base	%GC
1	43.69
2	42.14
3	43.47
4	44.940000000000005
5	44.42
6	46.089999999999996
7	44.76
8	44.7
9	45.72
10	44.91
11	43.19
12	45.16
13	44.7
14	44.2
15	45.58
16	44.92
17	43.91
18	46.23
19	43.88
20	44.26
21	45.23
22	45.59
23	45.16
24	45.68
25	45.190000000000005
26	44.64
27	44.85
28	44.80688413047829
29	46.46
30	44.91
31	46.0
32	45.01
33	44.87
34	45.47
35	44.82
36	45.95
37	45.519999999999996
38	45.94
39	45.73
40	45.87
41	45.519999999999996
42	44.78
43	45.46
44	46.19
45	45.019999999999996
46	46.06
47	45.2
48	46.46
49	45.56
50	45.09
51	46.18
52	45.129999999999995
53	45.78
54	45.16
55	46.12
56	45.269999999999996
57	45.29
58	45.51
59	45.15
60	45.98
61	45.58
62	44.92
63	45.29
64	46.44
65	46.22
66	46.46
67	45.56
68	45.92
69	45.129999999999995
70	45.76
71	45.519999999999996
72	45.83
73	45.32
74	45.51
75	45.86
76	45.37
>>END_MODULE
>>Per sequence GC content	warn
#GC Content	Count
0	0.0
1	0.0
2	0.0
3	0.0
4	0.0
5	0.0
6	0.0
7	0.0
8	0.0
9	0.0
10	0.0
11	0.0
12	0.0
13	0.5
14	0.5
15	1.5
16	2.5
17	2.0
18	4.5
19	10.0
20	18.5
21	24.0
22	23.0
23	26.5
24	44.0
25	57.0
26	74.0
27	100.5
28	125.5
29	141.0
30	156.5
31	182.5
32	214.5
33	236.0
34	278.0
35	340.5
36	379.5
37	398.0
38	423.0
39	455.5
40	488.0
41	503.0
42	493.0
43	511.5
44	522.0
45	495.0
46	476.0
47	477.0
48	466.5
49	462.0
50	469.0
51	446.0
52	398.5
53	379.5
54	385.0
55	363.5
56	318.5
57	281.0
58	267.0
59	248.0
60	214.5
61	178.0
62	156.0
63	125.5
64	87.0
65	66.0
66	40.5
67	28.0
68	22.0
69	13.5
70	10.5
71	10.0
72	7.5
73	4.5
74	2.0
75	0.0
76	0.5
77	1.0
78	1.0
79	1.0
80	1.0
81	1.0
82	0.5
83	0.0
84	1.0
85	1.0
86	0.0
87	0.0
88	0.0
89	0.0
90	0.0
91	0.0
92	0.0
93	0.0
94	0.0
95	0.0
96	0.0
97	0.0
98	0.0
99	0.0
100	0.0
>>END_MODULE
>>Per base N content	pass
#Base	N-Count
1	0.0
2	0.0
3	0.0
4	0.0
5	0.0
6	0.0
7	0.0
8	0.0
9	0.0
10	0.0
11	0.0
12	0.0
13	0.0
14	0.0
15	0.0
16	0.0
17	0.0
18	0.0
19	0.0
20	0.0
21	0.0
22	0.0
23	0.0
24	0.0
25	0.0
26	0.0
27	0.0
28	0.06
29	0.0
30	0.0
31	0.0
32	0.0
33	0.0
34	0.0
35	0.0
36	0.0
37	0.0
38	0.0
39	0.0
40	0.0
41	0.0
42	0.0
43	0.0
44	0.0
45	0.0
46	0.0
47	0.0
48	0.0
49	0.0
50	0.0
51	0.0
52	0.0
53	0.0
54	0.0
55	0.0
56	0.0
57	0.0
58	0.0
59	0.0
60	0.0
61	0.0
62	0.0
63	0.0
64	0.0
65	0.0
66	0.0
67	0.0
68	0.0
69	0.0
70	0.0
71	0.0
72	0.0
73	0.0
74	0.0
75	0.0
76	0.0
>>END_MODULE
>>Sequence Length Distribution	pass
#Length	Count
76	10000.0
>>END_MODULE
>>Sequence Duplication Levels	pass
#Total Duplicate Percentage	0.36
#Duplication Level	Relative count
1	100.0
2	0.10036130068245684
3	0.010036130068245684
4	0.0
5	0.0
6	0.0
7	0.0
8	0.0
9	0.0
10++	0.010036130068245684
>>END_MODULE
>>Overrepresented sequences	warn
#Sequence	Count	Percentage	Possible Source
GATCGGAAGAGCGTCGTGTAGGGAAAGAGTGTAGATCTCGGTGGTCGCCG	13	0.13	Illumina Single End PCR Primer 1 (100% over 50bp)
>>END_MODULE
>>Kmer Content	warn
#Sequence	Count	Obs/Exp Overall	Obs/Exp Max	Max Obs/Exp Position
CCTGG	1440	2.7905996	6.9762564	70
CTGGG	1350	2.6497326	7.0657086	71
GGGGG	1075	2.6347115	7.940623	71
CTGTG	1635	2.602933	6.3041325	19
GGAGG	1260	2.5432906	6.5396633	57
CCTCC	1340	2.5314724	5.440588	16
CAGGG	1265	2.5210574	6.456872	59
CAGCA	1515	2.4551182	5.8337417	6
TGCTG	1525	2.427812	6.3041325	43
CAGAG	1465	2.4045327	6.499398	9
CCAGG	1215	2.3907557	5.6667795	33
AGCAG	1450	2.3799129	5.3176894	62
CTGCA	1455	2.322196	5.74544	7
TGGGG	1165	2.3159409	5.7250457	20
GGGAG	1145	2.311165	5.086405	60
GCAGG	1155	2.301835	5.739442	60
CACAG	1405	2.2768588	5.833741	13
CTGCT	1445	2.2713277	6.7901697	65
GCTGG	1145	2.2473657	7.772279	60
CTCCA	1420	2.2376435	5.672702	13
GAGGA	1340	2.2275689	5.3885694	26
AGAAG	1625	2.2247465	5.4213476	71
CTCTG	1410	2.216313	5.0926275	30
GAAGA	1610	2.2042103	5.4213476	31
GCTGC	1130	2.189845	6.27863	6
TTTCT	2085	2.1837611	5.2785487	56
AGGAG	1310	2.177698	5.3858747	1
TTCCT	1700	2.1673934	5.507538	64
AGAGG	1300	2.1610742	5.984305	16
TCTTC	1695	2.161019	5.5075383	3
AGAAA	1905	2.147944	6.088449	8
CTCCT	1380	2.1416955	5.028154	29
CAGCC	1080	2.0982122	5.595038	9
GGCAG	1050	2.0925772	6.4568715	51
TCCTG	1330	2.0905645	5.658475	17
TCTCC	1345	2.087377	5.5868382	6
CCACC	1085	2.0812395	5.5242043	20
CCTGC	1085	2.0760198	6.199143	36
GGGGA	1025	2.0689468	7.2662926	72
CTCCC	1095	2.0686285	6.8041368	27
TTCTG	1580	2.0402305	5.113312	14
GAAGG	1215	2.0197732	5.3858747	1
CTTCA	1550	2.0065248	5.126169	9
CCAGA	1235	2.0013669	5.250367	67
GAGGC	990	1.9730014	5.7394414	23
CAGTG	1215	1.9640177	5.81911	16
GCCTC	1025	1.9612164	5.510349	20
TTCTC	1500	1.9124061	5.051102	28
GGTGG	955	1.8984752	5.7250457	13
CCCCA	985	1.8894202	8.286306	52
AGGGG	935	1.8872832	5.813034	59
ACAGG	1135	1.8628973	7.681107	49
CACCA	1150	1.8400276	5.1838975	12
TGGCC	940	1.8216411	6.27863	17
CCTCA	1135	1.7885389	5.105432	21
TCTGC	1135	1.7840534	5.0926275	35
CTCAG	1115	1.7795522	5.7454395	5
CTGAG	1075	1.7377112	5.2371993	59
GAGGG	850	1.715712	5.086405	72
GTGGG	840	1.6698629	5.7250457	19
TGCCT	1060	1.6661642	5.092627	34
GGGTG	835	1.6599233	5.0094147	2
GGATG	1010	1.6535747	5.8937254	12
CCCTC	845	1.596339	5.440588	15
GGCCC	660	1.5569285	5.095226	11
GGGCC	645	1.5410537	5.160558	29
ACTGC	955	1.5241903	5.1708956	14
TCCCC	805	1.5207726	5.4433093	28
GCTGA	940	1.5194869	5.237199	58
GATGA	1115	1.5034125	5.824678	71
CCCCC	650	1.4947603	6.622708	51
GGGGC	605	1.4640191	5.2267294	51
AGGGC	730	1.4548393	5.0220113	41
TGTGA	1095	1.4540973	5.2584705	3
GCTCT	910	1.4303862	6.7901692	13
CCAGT	885	1.4124695	5.1708956	22
GAAGC	850	1.3951213	5.3176894	39
CACAT	990	1.3012835	5.6781306	31
>>END_MODULE
