##FastQC	0.10.1
>>Basic Statistics	pass
#Measure	Value	
Filename	SRR1533626_1.trim.fq	
File type	Conventional base calls	
Encoding	Sanger / Illumina 1.9	
Total Sequences	9630	
Filtered Sequences	0	
Sequence length	36-76	
%GC	44	
>>END_MODULE
>>Per base sequence quality	pass
#Base	Mean	Median	Lower Quartile	Upper Quartile	10th Percentile	90th Percentile
1	37.62014537902388	39.0	39.0	39.0	36.0	39.0
2	37.50602284527518	39.0	39.0	39.0	36.0	39.0
3	37.48110072689512	39.0	39.0	39.0	35.0	39.0
4	37.404672897196264	39.0	39.0	39.0	35.0	39.0
5	37.50986500519211	39.0	38.0	39.0	35.0	39.0
6	37.62367601246106	39.0	39.0	39.0	35.0	39.0
7	37.56542056074766	39.0	38.0	39.0	35.0	39.0
8	37.547767393561784	39.0	38.0	39.0	35.0	39.0
9	37.54143302180685	39.0	38.0	39.0	35.0	39.0
10	38.0343717549325	39.0	38.0	39.0	35.0	39.0
11	38.03239875389408	39.0	38.0	39.0	35.0	39.0
12	38.05680166147456	39.0	38.0	39.0	35.0	39.0
13	38.02440290758048	39.0	38.0	39.0	35.0	39.0
14	37.98047767393562	39.0	38.0	39.0	35.0	39.0
15	37.939044652128764	39.0	38.0	39.0	35.0	39.0
16	37.98338525441329	39.0	38.0	39.0	35.0	39.0
17	37.93717549325026	39.0	38.0	39.0	35.0	39.0
18	37.89200415368639	39.0	38.0	39.0	35.0	39.0
19	37.855555555555554	39.0	38.0	39.0	35.0	39.0
20	37.772274143302184	39.0	38.0	39.0	35.0	39.0
21	37.75472481827622	39.0	38.0	39.0	35.0	39.0
22	37.70394600207684	39.0	37.0	39.0	35.0	39.0
23	37.63956386292835	39.0	37.0	39.0	35.0	39.0
24	37.63239875389408	39.0	37.0	39.0	35.0	39.0
25	37.63956386292835	39.0	37.0	39.0	35.0	39.0
26	37.63696780893043	39.0	37.0	39.0	35.0	39.0
27	37.56033229491173	39.0	37.0	39.0	35.0	39.0
28	37.51578400830737	39.0	37.0	39.0	35.0	39.0
29	37.52938733125649	39.0	37.0	39.0	35.0	39.0
30	37.57175493250259	39.0	37.0	39.0	35.0	39.0
31	37.5656282450675	39.0	37.0	39.0	35.0	39.0
32	37.545171339563865	39.0	37.0	39.0	35.0	39.0
33	37.48629283489097	39.0	37.0	39.0	35.0	39.0
34	37.44755970924195	39.0	37.0	39.0	35.0	39.0
35	37.42242990654206	39.0	37.0	39.0	35.0	39.0
36	37.44901349948079	39.0	37.0	39.0	35.0	39.0
37	37.38726762903728	39.0	37.0	39.0	35.0	39.0
38	37.335134012050695	39.0	37.0	39.0	35.0	39.0
39	37.258004158004155	39.0	37.0	39.0	34.0	39.0
40	37.17133340272718	39.0	37.0	39.0	34.0	39.0
41	37.10025010421009	39.0	37.0	39.0	34.0	39.0
42	37.08120504534556	39.0	36.0	39.0	34.0	39.0
43	36.987795973714405	39.0	36.0	39.0	33.0	39.0
44	36.994260669936345	39.0	36.0	39.0	33.0	39.0
45	36.99415021414395	39.0	36.0	39.0	33.0	39.0
46	36.90508580996233	39.0	36.0	39.0	33.0	39.0
47	36.8278714270757	39.0	36.0	39.0	33.0	39.0
48	36.80549151121358	39.0	36.0	39.0	33.0	39.0
49	36.79032934759807	39.0	36.0	39.0	33.0	39.0
50	36.68145034156595	38.0	36.0	39.0	33.0	39.0
51	36.57906927774268	38.0	36.0	39.0	32.0	39.0
52	36.552348851906466	38.0	36.0	39.0	32.0	39.0
53	36.38530465949821	37.0	35.0	39.0	32.0	39.0
54	36.44863266814486	37.0	35.0	39.0	32.0	39.0
55	36.35111111111111	37.0	35.0	39.0	32.0	39.0
56	36.28249787595582	37.0	35.0	39.0	31.0	39.0
57	36.14894748033171	37.0	35.0	39.0	31.0	39.0
58	35.8688384967529	37.0	35.0	39.0	31.0	39.0
59	35.951380744215804	37.0	35.0	39.0	31.0	39.0
60	36.01049025904517	37.0	35.0	39.0	31.0	39.0
61	35.94435492534107	37.0	35.0	39.0	31.0	39.0
62	35.80993334766717	37.0	35.0	39.0	30.0	39.0
63	35.71328520633553	37.0	35.0	39.0	30.0	39.0
64	35.45836937716263	37.0	34.0	39.0	30.0	39.0
65	35.627238198589254	37.0	35.0	39.0	30.0	39.0
66	35.36919555264879	37.0	34.0	39.0	30.0	39.0
67	35.37917850120166	37.0	34.0	39.0	30.0	39.0
68	35.116049923363256	37.0	34.0	39.0	29.0	39.0
69	35.09392204360273	37.0	34.0	39.0	29.0	39.0
70	34.87075964853743	36.0	33.0	38.0	29.0	39.0
71	34.30033821871477	36.0	33.0	37.0	28.0	39.0
72	34.07239665687825	36.0	32.0	37.0	28.0	39.0
73	33.97372890952327	35.0	32.0	37.0	27.0	39.0
74	33.9224647567076	35.0	32.0	37.0	28.0	39.0
75	33.74562707213902	35.0	32.0	37.0	27.0	39.0
76	34.139361311635874	36.0	33.0	37.0	27.0	38.0
>>END_MODULE
>>Per sequence quality scores	pass
#Quality	Count
23	1.0
24	5.0
25	15.0
26	30.0
27	41.0
28	57.0
29	100.0
30	145.0
31	269.0
32	338.0
33	287.0
34	329.0
35	586.0
36	1023.0
37	2481.0
38	3923.0
>>END_MODULE
>>Per base sequence content	warn
#Base	G	A	T	C
1	21.433021806853585	31.464174454828658	25.711318795430945	21.391484942886812
2	22.28452751817238	29.761163032191067	28.70197300103842	19.252336448598133
3	21.2668743509865	28.525441329179646	29.190031152647975	21.017653167185877
4	22.22222222222222	27.642782969885776	28.80581516095535	21.329179646936655
5	22.326064382139148	28.992731048805815	28.120456905503634	20.5607476635514
6	22.668743509865006	27.611630321910695	26.936656282450677	22.782969885773625
7	21.765316718587748	27.995846313603323	28.785046728971963	21.453790238836966
8	21.640706126687434	27.237798546209763	28.525441329179646	22.596053997923157
9	21.22533748701973	27.352024922118378	28.61889927310488	22.80373831775701
10	21.370716510903424	27.632398753894083	28.25545171339564	22.741433021806852
11	21.401869158878505	28.089304257528557	28.390446521287643	22.118380062305295
12	21.214953271028037	27.455867082035308	28.836967808930424	22.49221183800623
13	20.9865005192108	27.48701973001039	29.16926272066459	22.357217030114228
14	21.9730010384216	27.341640706126686	28.65005192107996	22.035306334371754
15	20.498442367601246	27.642782969885776	28.98234683281412	22.87642782969886
16	21.66147455867082	27.78816199376947	28.421599169262716	22.128764278296988
17	21.433021806853585	27.455867082035308	28.359293873312563	22.751817237798548
18	21.2668743509865	27.248182762201456	29.044652128764277	22.44029075804777
19	21.952232606438212	27.871235721703012	27.39356178608515	22.782969885773625
20	22.149532710280372	27.227414330218068	27.601246105919003	23.021806853582554
21	21.66147455867082	28.265835929387332	27.694704049844237	22.37798546209761
22	22.024922118380065	27.808930425752855	28.006230529595015	22.159916926272068
23	21.713395638629287	27.53894080996885	28.078920041536865	22.668743509865006
24	21.723779854620975	28.01661474558671	28.681204569055037	21.57840083073728
25	22.09761163032191	27.258566978193144	28.546209761163034	22.09761163032191
26	21.46417445482866	28.047767393561784	27.580477673935615	22.907580477673935
27	22.2533748701973	26.74974039460021	28.61889927310488	22.37798546209761
28	22.22222222222222	28.22429906542056	27.673935617860852	21.879543094496366
29	21.516095534787123	27.102803738317753	28.110072689511945	23.271028037383175
30	22.004153686396677	27.061266874350988	28.504672897196258	22.429906542056074
31	22.398753894080997	26.033229491173415	28.494288681204573	23.07372793354102
32	21.526479750778815	27.31048805815161	28.77466251298027	22.388369678089305
33	22.388369678089305	27.320872274143305	27.694704049844237	22.596053997923157
34	22.80373831775701	27.092419522326068	27.757009345794394	22.346832814122532
35	22.29491173416407	27.871235721703012	27.819314641744548	22.01453790238837
36	21.682242990654206	27.300103842159917	28.3073727933541	22.710280373831775
37	22.047980060234707	26.94983902793644	28.93343026274795	22.0687506490809
38	22.792437149387077	27.342613754415122	27.249116974859756	22.61583212133804
39	21.985446985446984	27.557172557172553	27.983367983367984	22.474012474012476
40	22.494014780888936	26.53273654626835	27.990007286353702	22.983241386489016
41	21.92580241767403	27.615673197165485	27.553147144643603	22.905377240516884
42	22.5789638277911	26.748670905868867	27.801521943083497	22.87084332325654
43	21.4978616877021	27.13048920413059	27.90236778971524	23.46928131845207
44	22.080768026713972	25.82698528644475	28.54012313471773	23.552123552123554
45	22.239632299174765	27.493993523451373	27.170166092134128	23.096208085239738
46	21.99665131854332	27.626622017580576	27.480117203850984	22.896609460025115
47	21.91393571353785	28.143649879593756	27.923777614909433	22.018636791958958
48	21.578285474743243	26.723957241668412	28.84091385453783	22.856843429050514
49	21.43906020558003	26.641493601846022	28.980490874764005	22.938955317809942
50	21.586967945349446	27.02049395691014	27.535470310036786	23.857067787703627
51	22.02568961886713	27.62686881448726	27.079385133712357	23.26805643293325
52	22.24562881820097	26.732673267326735	27.785970086370337	23.23572782810196
53	21.652962260172888	27.872654438119334	28.304870335230863	22.169512966476915
54	21.908985323619472	26.69200717981206	28.434167458557702	22.96484003801077
55	22.095238095238095	27.40740740740741	27.227513227513228	23.269841269841272
56	22.185641461342396	27.155904842820732	27.84621920135939	22.812234494477483
57	22.166702105039338	26.716989155857963	27.59940463533915	23.516904103763554
58	22.186734802512508	27.201107207494946	27.786649632705206	22.82550835728734
59	22.283825567757756	26.55933468386822	28.116003838362296	23.04083591001173
60	22.2008135302933	26.953543138514235	27.59580389638193	23.249839434810532
61	22.51584488129767	27.801052744655706	27.274680416800944	22.408421957245675
62	22.027520963233712	27.725220382713395	27.692969253923888	22.554289400129004
63	21.807994828143517	26.99062601012822	27.77717918327766	23.424199978450595
64	22.534602076124568	26.7409169550173	27.71410034602076	23.01038062283737
65	22.02930005425936	28.13890396093326	26.793271839392297	23.038524145415085
66	21.996947896228473	27.588838020492695	27.305428384565072	23.108785698713756
67	23.181123006336026	26.97181559973782	27.212147694996723	22.63491369892943
68	21.67724983577841	27.435953580030652	27.687760017516972	23.199036566673968
69	21.724289804007928	27.703149086104382	27.648095133230566	22.924465976657125
70	22.444666889111335	27.494160827494163	27.17161606050495	22.889556222889556
71	21.758737316798197	27.71138669673055	27.305524239007894	23.22435174746336
72	22.71289812514118	27.140275581658006	27.603343121752882	22.543483171447935
73	22.171894462688257	27.448760049824482	27.516702525195335	22.862642962291925
74	21.384720327421554	26.1368804001819	28.285584356525696	24.19281491587085
75	22.533440036583972	26.386189550703097	28.261118097633474	22.819252315079456
76	22.598800929891105	27.7988498715282	27.15037317998287	22.451976018597822
>>END_MODULE
>>Per base GC content	pass
#Base	%GC
1	42.824506749740394
2	41.53686396677051
3	42.284527518172375
4	43.55140186915888
5	42.88681204569055
6	45.45171339563863
7	43.219106957424714
8	44.23676012461059
9	44.02907580477674
10	44.11214953271028
11	43.520249221183796
12	43.70716510903427
13	43.34371754932503
14	44.008307372793354
15	43.374870197300105
16	43.79023883696781
17	44.18483904465213
18	43.70716510903427
19	44.73520249221184
20	45.17133956386293
21	44.03946002076843
22	44.18483904465213
23	44.38213914849429
24	43.30218068535825
25	44.19522326064382
26	44.3717549325026
27	44.63136033229491
28	44.10176531671859
29	44.7871235721703
30	44.43406022845275
31	45.47248182762201
32	43.914849428868116
33	44.98442367601246
34	45.15057113187954
35	44.309449636552436
36	44.39252336448598
37	44.11673070931561
38	45.40826927072512
39	44.45945945945946
40	45.47725616737795
41	44.83117965819091
42	45.44980715104764
43	44.96714300615417
44	45.63289157883752
45	45.3358403844145
46	44.89326077856844
47	43.93257250549681
48	44.43512890379375
49	44.378015523389976
50	45.44403573305307
51	45.293746051800376
52	45.48135664630293
53	43.8224752266498
54	44.87382536163024
55	45.36507936507937
56	44.997875955819886
57	45.68360620880289
58	45.01224315979985
59	45.32466147776948
60	45.450652965103835
61	44.924266838543346
62	44.58181036336272
63	45.232194806594116
64	45.54498269896194
65	45.06782419967445
66	45.10573359494223
67	45.816036705265454
68	44.87628640245237
69	44.64875578066505
70	45.334223112000885
71	44.983089064261556
72	45.25638129658911
73	45.03453742498018
74	45.5775352432924
75	45.35269235166343
76	45.050776948488924
>>END_MODULE
>>Per sequence GC content	pass
#GC Content	Count
0	0.0
1	0.0
2	0.0
3	0.0
4	0.0
5	0.0
6	0.0
7	0.0
8	0.0
9	0.0
10	0.0
11	0.0
12	0.0
13	0.0
14	0.5
15	1.0
16	2.5
17	5.0
18	6.5
19	10.0
20	21.0
21	29.5
22	32.5
23	46.0
24	69.0
25	80.5
26	89.0
27	102.5
28	128.0
29	153.5
30	173.0
31	207.5
32	242.5
33	263.0
34	284.5
35	331.0
36	390.0
37	417.0
38	415.0
39	433.0
40	460.0
41	488.0
42	505.5
43	508.0
44	490.5
45	467.5
46	462.5
47	468.0
48	457.0
49	447.5
50	457.5
51	451.5
52	415.5
53	372.0
54	365.0
55	364.5
56	338.0
57	285.5
58	249.5
59	233.0
60	201.5
61	153.5
62	118.5
63	96.5
64	69.0
65	46.0
66	29.0
67	22.5
68	18.5
69	9.0
70	1.5
71	0.5
72	0.5
73	1.0
74	1.0
75	1.0
76	0.5
77	0.0
78	0.5
79	1.0
80	0.5
81	0.0
82	0.0
83	0.0
84	0.0
85	0.0
86	0.0
87	0.0
88	0.0
89	0.0
90	0.0
91	0.0
92	0.0
93	0.0
94	0.0
95	0.0
96	0.0
97	0.0
98	0.0
99	0.0
100	0.0
>>END_MODULE
>>Per base N content	pass
#Base	N-Count
1	0.0
2	0.0
3	0.0
4	0.0
5	0.0
6	0.0
7	0.0
8	0.0
9	0.0
10	0.0
11	0.0
12	0.0
13	0.0
14	0.0
15	0.0
16	0.0
17	0.0
18	0.0
19	0.0
20	0.0
21	0.0
22	0.0
23	0.0
24	0.0
25	0.0
26	0.0
27	0.0
28	0.0
29	0.0
30	0.0
31	0.0
32	0.0
33	0.0
34	0.0
35	0.0
36	0.0
37	0.0
38	0.0
39	0.0
40	0.0
41	0.0
42	0.0
43	0.0
44	0.0
45	0.0
46	0.0
47	0.0
48	0.0
49	0.0
50	0.0
51	0.0
52	0.0
53	0.0
54	0.0
55	0.0
56	0.0
57	0.0
58	0.0
59	0.0
60	0.0
61	0.0
62	0.0
63	0.0
64	0.0
65	0.0
66	0.0
67	0.0
68	0.0
69	0.0
70	0.0
71	0.0
72	0.0
73	0.0
74	0.0
75	0.0
76	0.0
>>END_MODULE
>>Sequence Length Distribution	warn
#Length	Count
36	1.0
37	3.0
38	6.0
39	13.0
40	11.0
41	3.0
42	6.0
43	4.0
44	10.0
45	17.0
46	5.0
47	9.0
48	8.0
49	19.0
50	17.0
51	4.0
52	8.0
53	15.0
54	21.0
55	34.0
56	10.0
57	13.0
58	14.0
59	37.0
60	33.0
61	7.0
62	21.0
63	33.0
64	33.0
65	41.0
66	20.0
67	20.0
68	52.0
69	91.0
70	121.0
71	16.0
72	23.0
73	35.0
74	49.0
75	574.0
76	8173.0
>>END_MODULE
>>Sequence Duplication Levels	pass
#Total Duplicate Percentage	0.06230529595015576
#Duplication Level	Relative count
1	100.0
2	0.03117206982543641
3	0.0
4	0.0
5	0.0
6	0.0
7	0.0
8	0.0
9	0.0
10++	0.0
>>END_MODULE
>>Overrepresented sequences	pass
>>END_MODULE
>>Kmer Content	warn
#Sequence	Count	Obs/Exp Overall	Obs/Exp Max	Max Obs/Exp Position
CCTGG	1285	2.7605655	9.031733	70
CCAGG	1200	2.6586516	5.545655	46
TGCTG	1485	2.537555	6.7354527	48
AGGAG	1305	2.441901	5.4411254	57
GGAAG	1300	2.432545	7.962519	31
CTGGA	1375	2.4231317	6.3314066	50
CTGGG	1090	2.4109015	7.0885086	43
CCCAG	1120	2.4101286	7.6587024	40
GGAGG	1025	2.407244	5.975517	57
CCAGC	1090	2.3455715	6.1301565	42
CACAG	1315	2.3212786	5.227609	63
AGCAG	1270	2.308146	5.8003445	24
GCTGG	1040	2.3003097	6.2747245	30
CAGCA	1295	2.285974	5.6366525	34
CCTCC	1125	2.279982	5.7493744	9
CAGCC	1040	2.2379766	7.6308665	25
GGAGA	1195	2.2360702	6.1245255	58
GAGAA	1490	2.2213914	5.286772	8
CTTCT	1725	2.2118526	5.0146475	38
CTGCC	1045	2.180486	5.3460298	60
GCAGG	945	2.1556091	5.7884645	56
AGGAA	1445	2.1543026	5.308823	43
CTGTG	1255	2.1445332	6.665511	20
CAGGA	1170	2.126402	5.8245373	42
CCACC	1005	2.1005363	5.2841926	53
TCTCC	1300	2.0956383	5.166244	43
TGGGG	920	2.0950713	5.6674757	38
CTTCC	1295	2.0875783	5.2483344	55
GAGGA	1105	2.0676632	5.4266853	56
CCACA	1205	2.066001	5.491854	41
GCCTG	960	2.0623682	6.1198997	42
CAGGC	930	2.060455	5.595457	52
GGGAG	875	2.0549643	6.7858257	53
GAAGG	1095	2.0489516	5.3781567	50
TTCCT	1595	2.0451622	5.022491	42
CCCTG	980	2.0448575	6.1792893	63
CAGAG	1125	2.0446177	5.199052	46
TCCAG	1190	2.0368698	6.072864	34
TGTGG	1155	2.0320249	5.1514955	60
GCAGC	915	2.027222	5.6401496	58
CCTCT	1250	2.0150368	5.209703	49
CAGAA	1385	2.0055366	5.1887884	48
CAGCT	1160	1.9855199	5.4855247	43
GGTGG	855	1.94705	5.648852	72
CCTGC	930	1.9405279	5.1983795	40
TGAGG	1065	1.9323326	5.1660104	40
CTCAG	1125	1.9256121	5.8516335	67
GAGAG	1015	1.8992563	5.971889	4
CTGAG	1075	1.8944484	5.007178	36
AGAGG	1010	1.8899004	5.32771	41
GCTGC	875	1.8797626	5.3326697	8
TCTCT	1435	1.8400049	5.0016294	5
TGGGA	995	1.805325	6.5186577	50
GGATG	995	1.805325	5.5945683	71
TCAGG	1020	1.797523	5.097301	54
GCCCA	815	1.7537988	5.4898267	59
CTTCA	1325	1.7521377	5.0967884	71
TCCAC	1050	1.7456114	5.9137783	39
GTGGA	955	1.7327491	5.3384895	61
CAGGT	970	1.7094091	5.7375007	55
TCCCC	840	1.7023867	5.0728445	46
TCCCT	1055	1.7006911	5.2455564	54
GCCCT	815	1.7005702	6.793373	55
CTCTC	1050	1.692631	5.1447845	6
GAGGG	720	1.690942	5.8296967	13
GCCAC	785	1.6892419	5.3416066	15
GGCCC	625	1.6880327	6.047961	65
AGGGA	895	1.6747137	5.971889	14
TCTGG	970	1.6575277	5.554539	53
GGCCA	740	1.6395019	5.4995856	25
GAGGC	710	1.6195582	5.6622357	7
TGCCC	775	1.6171067	5.4215713	64
GGGAA	860	1.609222	5.4065967	53
GGGGA	680	1.5970008	5.931324	52
TCAGC	905	1.5490478	5.207244	68
GGAGC	660	1.5055048	7.2800174	10
GGGCC	530	1.4737872	5.1608243	64
GGGGC	510	1.4601151	6.091439	29
AGAGC	785	1.4266887	5.1558614	22
ACTGC	815	1.3949989	5.2217813	69
CATGC	795	1.3607658	6.0697103	28
GTGCC	585	1.2567556	5.3326697	8
GGGGG	400	1.1790572	5.2263274	20
GGAAC	540	0.9814163	5.9454293	57
>>END_MODULE
