##FastQC	0.10.1
>>Basic Statistics	pass
#Measure	Value	
Filename	NA12878-trimmed_1.fastq.gz	
File type	Conventional base calls	
Encoding	Sanger / Illumina 1.9	
Total Sequences	581435	
Filtered Sequences	0	
Sequence length	20-76	
%GC	47	
>>END_MODULE
>>Per base sequence quality	warn
#Base	Mean	Median	Lower Quartile	Upper Quartile	10th Percentile	90th Percentile
1	30.3013544076294	31.0	31.0	31.0	27.0	31.0
2	28.925492961380034	31.0	30.0	31.0	23.0	31.0
3	27.956020879376027	30.0	29.0	30.0	22.0	30.0
4	28.999915725747503	31.0	30.0	31.0	23.0	31.0
5	28.568538185695736	31.0	28.0	31.0	22.0	31.0
6	29.55902723434262	32.0	28.0	32.0	21.0	32.0
7	28.95118456921238	31.0	30.0	31.0	23.0	31.0
8	28.786357890391876	31.0	28.0	31.0	23.0	31.0
9	29.226849088892138	32.0	29.0	32.0	23.0	32.0
10	29.76882884587271	33.0	28.0	33.0	23.0	33.0
11	29.20390929338619	32.0	28.0	32.0	22.0	32.0
12	28.636260287048422	31.0	28.0	31.0	22.0	31.0
13	30.212605020337612	33.0	30.0	33.0	22.0	33.0
14	30.77170964940191	33.0	31.0	33.0	23.0	33.0
15	29.900119531847928	32.0	30.0	32.0	23.0	33.0
16	30.479646048139518	33.0	29.0	33.0	23.0	34.0
17	30.173262703483623	34.0	28.0	34.0	22.0	34.0
18	31.402603902413855	35.0	29.0	35.0	24.0	35.0
19	29.74163406055707	32.0	29.0	32.0	22.0	34.0
20	31.46355138579549	36.0	29.0	36.0	22.0	36.0
21	29.33967821362155	32.0	28.0	32.0	22.0	34.0
22	30.32040475112334	33.0	27.0	33.0	24.0	36.0
23	30.731028664833314	33.0	28.0	36.0	22.0	36.0
24	30.725341702445565	34.0	28.0	35.0	23.0	35.0
25	29.802778741383143	32.0	29.0	32.0	23.0	34.0
26	30.159000195358356	32.0	29.0	34.0	23.0	34.0
27	30.462866528884597	34.0	28.0	34.0	22.0	34.0
28	31.083320136518772	34.0	30.0	35.0	24.0	35.0
29	28.89062649573279	32.0	27.0	32.0	22.0	34.0
30	29.632060832936414	32.0	28.0	32.0	22.0	36.0
31	29.56018785516367	30.0	27.0	34.0	22.0	36.0
32	29.830531867698525	33.0	26.0	34.0	21.0	35.0
33	29.870203995551975	33.0	27.0	33.0	22.0	36.0
34	29.00640690730786	31.0	28.0	32.0	21.0	35.0
35	29.4647729648306	31.0	27.0	35.0	20.0	35.0
36	28.96245847635101	31.0	26.0	32.0	22.0	35.0
37	29.24099692052399	30.0	27.0	33.0	21.0	35.0
38	29.61269065003447	30.0	27.0	36.0	21.0	37.0
39	28.87838454362889	30.0	27.0	33.0	22.0	35.0
40	28.64976089556602	30.0	26.0	32.0	22.0	35.0
41	29.33453782492132	31.0	27.0	35.0	21.0	35.0
42	29.687707697167525	31.0	26.0	35.0	22.0	37.0
43	28.736969227099237	30.0	26.0	32.0	21.0	35.0
44	28.722847168347556	30.0	26.0	33.0	22.0	35.0
45	29.473131638348878	32.0	26.0	34.0	23.0	36.0
46	29.299309974409795	30.0	25.0	35.0	21.0	36.0
47	28.39464008221809	29.0	25.0	33.0	20.0	34.0
48	27.45833323835207	29.0	24.0	31.0	20.0	34.0
49	28.16495865628295	29.0	24.0	33.0	20.0	35.0
50	27.73834559701737	28.0	24.0	33.0	21.0	34.0
51	28.446021410282928	30.0	25.0	33.0	20.0	35.0
52	28.251690347632064	28.0	26.0	33.0	22.0	35.0
53	27.68122826550782	29.0	23.0	32.0	21.0	35.0
54	27.81214804796368	29.0	24.0	32.0	21.0	35.0
55	27.603572654577764	28.0	24.0	33.0	20.0	35.0
56	28.089102343255878	29.0	26.0	32.0	19.0	35.0
57	27.367520742526292	28.0	25.0	31.0	20.0	34.0
58	27.880415329711642	29.0	25.0	32.0	20.0	34.0
59	27.411326615632273	28.0	26.0	31.0	21.0	34.0
60	27.9025114601007	29.0	25.0	32.0	20.0	35.0
61	26.88003954063416	27.0	25.0	31.0	20.0	34.0
62	26.29326571414639	27.0	23.0	29.0	19.0	33.0
63	26.804808148768952	27.0	25.0	30.0	20.0	33.0
64	27.495562379069572	28.0	24.0	31.0	20.0	34.0
65	27.1417244889093	28.0	24.0	32.0	20.0	33.0
66	26.543800943524083	27.0	24.0	30.0	20.0	33.0
67	26.94810026886831	27.0	26.0	29.0	20.0	34.0
68	26.378365563843918	26.0	23.0	29.0	20.0	34.0
69	25.53023376416148	26.0	24.0	28.0	20.0	31.0
70	25.040204209063646	24.0	22.0	28.0	21.0	33.0
71	23.91860218249756	25.0	21.0	26.0	21.0	31.0
72	23.359112547838603	24.0	21.0	25.0	20.0	28.0
73	22.67508988448887	23.0	20.0	25.0	18.0	30.0
74	22.13620137928121	23.0	18.0	25.0	17.0	31.0
75	22.464431289595534	24.0	17.0	26.0	16.0	32.0
76	23.325728846341914	24.0	18.0	28.0	16.0	32.0
>>END_MODULE
>>Per sequence quality scores	pass
#Quality	Count
21	8.0
22	319.0
23	2734.0
24	12361.0
25	33992.0
26	65079.0
27	95144.0
28	113460.0
29	112355.0
30	89997.0
31	51874.0
32	4111.0
33	1.0
>>END_MODULE
>>Per base sequence content	warn
#Base	G	A	T	C
1	26.802308082588766	31.15515921814132	22.941171412109696	19.101361287160216
2	26.150472537772924	28.468530446223568	24.411155159218143	20.96984185678537
3	22.345576031714636	26.95142191302553	26.756559202662377	23.946442852597453
4	25.97865625564337	26.49806083225124	23.865264388968672	23.65801852313672
5	24.91525277976042	27.95583341216129	25.31478153189952	21.814132276178768
6	25.443428758158692	26.77788574819197	23.238023166820025	24.54066232682931
7	24.37641352859735	26.680884363686395	25.994479176520162	22.948222931196092
8	24.090225046651817	25.827994530773	26.276195963435296	23.805584459139887
9	23.720278277021507	25.976936372939363	25.975044501964966	24.32774084807416
10	24.313809798171764	27.217143790793468	24.50196496598932	23.967081445045448
11	24.62132482564689	26.57339169468642	25.026529190709194	23.778754288957494
12	24.695967735000472	26.236294684702504	25.439817004480293	23.62792057581673
13	24.35835476020535	26.530394627086434	25.682836430555433	23.428414182152775
14	24.056859322194228	26.40673506066886	25.92602784490098	23.610377772235932
15	23.98943992019744	26.2448940982225	25.8321222492626	23.933543732317457
16	24.360934584261354	26.193985570184115	25.608709486013055	23.83637035954148
17	24.113271474885412	26.351870802411277	25.609397439094657	23.925460283608658
18	24.262385305322177	26.010130109126557	25.73185308761942	23.99563149793184
19	24.37813341130135	26.05347115326735	25.664949650433837	23.903445784997462
20	24.477026666781327	25.956985733572967	25.70003525759543	23.865952342050274
21	24.403403483133225	26.055969774520975	25.55850299380461	23.98212374854119
22	24.606569368490717	26.104880002786583	25.490438538437427	23.798112090285276
23	24.47858205185767	26.12877427320687	25.60262094511169	23.79002272982377
24	24.500670247205537	25.904745420860497	25.605739223502276	23.988845108431693
25	24.640782744051588	25.975895041138536	25.61405381365355	23.769268401156328
26	24.675012770075906	25.89323320398964	25.711853318875516	23.71990070705894
27	24.729107965119322	25.82458939753034	25.58578202645112	23.86052061089922
28	24.94616492191866	26.097498375391137	25.328789889380975	23.627546813309234
29	24.70425802175954	26.15544632830765	25.586973730233243	23.553321919699563
30	24.795173862640418	25.995939762600784	25.45258993649134	23.75629643826746
31	24.891361322940092	26.248569802111337	25.325540281323917	23.53452859362465
32	24.940224841816256	26.290261721334947	25.342012503010093	23.42750093383871
33	24.95023988402729	26.090599844295898	25.482740238771857	23.476420032904954
34	24.97846983938984	26.28305242521535	25.332048297230397	23.406429438164412
35	24.916808494424263	26.159551830799323	25.483272791932325	23.440366882844085
36	24.74441704978612	26.3551966394716	25.399191057014885	23.501195253727396
37	24.88425856666128	26.485190482174524	25.270229567971786	23.36032138319241
38	24.87037022103591	26.346899771787076	25.559645826445283	23.223084180731732
39	24.902236343639252	26.418795062935352	25.34217279726262	23.336795796162775
40	24.905665038320684	26.44672673637058	25.335293112569968	23.312315112738773
41	24.85346155447317	26.569251904583492	25.40860080762666	23.168685733316682
42	24.886489036399322	26.424889016182156	25.24028944242741	23.44833250499111
43	24.825719221045322	26.39461896779773	25.494301396589147	23.28536041456781
44	24.749697223072246	26.62842267228115	25.551786707123124	23.07009339752348
45	24.776951225647274	26.502284623141076	25.534190604719733	23.186573546491918
46	24.95955042713417	26.620812720142222	25.312665765567814	23.106971087155788
47	24.829196108504885	26.794284197885137	25.401990725539846	22.97452896807013
48	24.849433981188938	26.67423486019358	25.276170676441488	23.200160482175992
49	24.878257451383913	26.827756838624644	25.292852683423128	23.001133026568315
50	24.883078803832344	26.82220249790982	25.43015524699237	22.864563451265465
51	24.890878487609122	26.79254074820746	25.41818026208182	22.898400502101598
52	24.87763060985475	26.95579730268162	25.446554700988855	22.720017386474773
53	24.75500294290759	27.061752010986854	25.471110457131648	22.712134588973907
54	24.72234998694728	26.872692465472447	25.397610730579416	23.007346817000858
55	24.760705162508458	27.026938338667822	25.43088215991357	22.781474338910147
56	24.759022669481176	27.125729873989872	25.637571123343882	22.477676333185066
57	24.800994505150115	27.121680630131834	25.392265424231663	22.685059440486388
58	24.772648450303002	27.195613670479908	25.451989441886692	22.579748437330398
59	24.671300990141727	27.252626356321592	25.466218694048365	22.60985395948832
60	24.79334524955314	27.257527842705898	25.43104633576241	22.51808057197855
61	24.76406508163208	27.489708476854574	25.42160239715478	22.324624044358565
62	24.637203071618508	27.444056555874603	25.701139665701884	22.21760070680501
63	24.592594763293235	27.4231124265557	25.535026154229367	22.449266655921697
64	24.803728040525314	27.71152754116979	25.440391312055137	22.044353106249755
65	24.799217974180735	27.81343098311817	25.425769612711026	21.96158142999007
66	24.99217461736299	27.872238123973425	25.428782564079395	21.70680469458419
67	24.967491571574563	28.11783838473004	25.44858236090976	21.46608768278564
68	25.214145553809725	28.498555467861873	25.21704185884857	21.070257119479823
69	25.524216069576315	28.847442751137	25.41450570493896	20.21383547434772
70	25.505811166762676	28.988113822353757	25.53219557885201	19.973879432031556
71	24.780731759099808	29.265174211507162	25.911160387818168	20.042933641574862
72	24.263058601580003	29.11704594583972	25.904472742994145	20.715422709586136
73	24.247617007604156	29.495045313830794	25.94031936433136	20.317018314233696
74	24.08652348185193	29.239170042089363	26.31034173184269	20.363964744216013
75	24.316331315542673	28.952276408901014	26.045485548640123	20.68590672691619
76	25.239500296148975	29.189421232523134	25.87961679952616	19.691461671801726
>>END_MODULE
>>Per base GC content	pass
#Base	%GC
1	45.90366936974898
2	47.12031439455829
3	46.29201888431209
4	49.63667477878009
5	46.72938505593919
6	49.984091084988
7	47.32463645979344
8	47.8958095057917
9	48.04801912509567
10	48.28089124321721
11	48.40007911460438
12	48.3238883108172
13	47.78676894235813
14	47.667237094430156
15	47.9229836525149
16	48.197304943802834
17	48.038731758494066
18	48.258016803254016
19	48.281579196298814
20	48.3429790088316
21	48.385527231674416
22	48.404681458776
23	48.26860478168145
24	48.48951535563723
25	48.410051145207916
26	48.39491347713484
27	48.58962857601854
28	48.573711735227896
29	48.257579941459106
30	48.55147030090788
31	48.42588991656475
32	48.36772577565497
33	48.426659916932245
34	48.38489927755425
35	48.35717537726835
36	48.24561230351351
37	48.24457994985369
38	48.093454401767644
39	48.23903213980203
40	48.21798015105945
41	48.02214728778985
42	48.33482154139044
43	48.11107963561313
44	47.819790620595725
45	47.96352477213919
46	48.06652151428996
47	47.80372507657501
48	48.04959446336493
49	47.87939047795223
50	47.74764225509781
51	47.78927898971072
52	47.59764799632952
53	47.4671375318815
54	47.72969680394814
55	47.5421795014186
56	47.23669900266624
57	47.486053945636506
58	47.3523968876334
59	47.28115494963004
60	47.31142582153169
61	47.08868912599065
62	46.854803778423516
63	47.04186141921493
64	46.84808114677507
65	46.760799404170804
66	46.698979311947184
67	46.433579254360204
68	46.28440267328955
69	45.738051543924044
70	45.47969059879423
71	44.82366540067467
72	44.978481311166135
73	44.56463532183785
74	44.45048822606795
75	45.00223804245886
76	44.93096196795071
>>END_MODULE
>>Per sequence GC content	pass
#GC Content	Count
0	18.0
1	18.5
2	26.5
3	37.5
4	42.5
5	47.5
6	55.5
7	67.0
8	77.0
9	83.0
10	97.0
11	108.0
12	119.0
13	146.0
14	173.5
15	209.0
16	276.5
17	348.5
18	440.5
19	618.0
20	837.0
21	1013.5
22	1255.0
23	1692.0
24	2277.5
25	2735.5
26	3237.0
27	4126.0
28	5347.5
29	6303.0
30	7329.5
31	8939.5
32	10732.0
33	12272.5
34	14016.0
35	16522.0
36	19346.5
37	21489.0
38	23457.0
39	25665.5
40	27798.5
41	29652.5
42	30919.0
43	32166.5
44	32906.0
45	33378.5
46	34126.0
47	34585.0
48	35013.5
49	35292.0
50	35726.0
51	35956.5
52	35697.0
53	35517.5
54	35396.0
55	35396.0
56	34658.5
57	33415.5
58	32334.0
59	30801.5
60	28521.0
61	26072.5
62	24082.5
63	21893.0
64	19207.0
65	16683.0
66	14334.5
67	12528.0
68	10993.0
69	9345.5
70	7788.5
71	6570.5
72	5565.5
73	4528.5
74	3666.5
75	3043.0
76	2484.5
77	1992.0
78	1546.5
79	1195.0
80	915.0
81	675.5
82	544.0
83	412.0
84	294.5
85	215.0
86	162.5
87	141.0
88	103.0
89	62.0
90	39.5
91	26.5
92	22.0
93	14.5
94	6.0
95	3.5
96	2.5
97	1.5
98	0.5
99	0.0
100	0.0
>>END_MODULE
>>Per base N content	pass
#Base	N-Count
1	0.0
2	0.0
3	0.0
4	0.0
5	0.0
6	0.0
7	0.0
8	0.0
9	0.0
10	0.0
11	0.0
12	0.0
13	0.0
14	0.0
15	0.0
16	0.0
17	0.0
18	0.0
19	0.0
20	0.0
21	0.0
22	0.0
23	0.0
24	0.0
25	0.0
26	7.169114022966257E-4
27	0.0021660063355685316
28	0.0021843003412969283
29	3.68180378931246E-4
30	0.012093653250773995
31	0.010519889165453435
32	0.01308151108515874
33	0.01495456114114805
34	0.013351754885000755
35	0.01289473015823397
36	0.010263718347778202
37	0.01017184433488105
38	0.007660271012324972
39	4.0734690884798217E-4
40	4.11716631910921E-4
41	8.325978718798394E-4
42	0.0012635569127092765
43	6.389721919302072E-4
44	4.3099732781656753E-4
45	0.00109363243451329
46	4.438890898720046E-4
47	0.002023968282168165
48	0.0011397751907413782
49	4.6245768512181133E-4
50	0.002107698720861065
51	0.0016641348044285004
52	2.4147823315206365E-4
53	4.904821930439816E-4
54	0.0014917172400247625
55	0.0030289568272686886
56	0.0023139458948028776
57	0.0013057932824770376
58	0.001323717846893499
59	0.0013482140208865316
60	8.249622579766976E-4
61	0.0030803610183113457
62	0.002294768787702334
63	0.0026373317235841923
64	0.0021031378817195257
65	0.0037237938011245855
66	0.0041948745087156585
67	0.009844925450150728
68	0.027869166929071165
69	0.007978299026647519
70	0.003078086661331317
71	0.0018871574219542458
72	0.0024564109870350626
73	0.0040798633245786265
74	0.007920833905393559
75	0.007992369950820285
76	0.01575590303056645
>>END_MODULE
>>Sequence Length Distribution	warn
#Length	Count
20-21	7255.0
22-23	7971.0
24-25	8260.0
26-27	8574.0
28-29	11903.0
30-31	10010.0
32-33	10676.0
34-35	10147.0
36-37	10573.0
38-39	10295.0
40-41	10921.0
42-43	10810.0
44-45	13477.0
46-47	11880.0
48-49	11677.0
50-51	12890.0
52-53	11895.0
54-55	13275.0
56-57	11222.0
58-59	14071.0
60-61	15034.0
62-63	15783.0
64-65	22934.0
66-67	33611.0
68-69	48877.0
70-71	23865.0
72-73	14175.0
74-75	5316.0
76-77	184058.0
>>END_MODULE
>>Sequence Duplication Levels	pass
#Total Duplicate Percentage	4.513327848214204
#Duplication Level	Relative count
1	100.0
2	3.3604634262815853
3	0.3602350351929905
4	0.06851732657849387
5	0.014533978365135062
6	0.005709777214874489
7	0.0020762826235907234
8	5.190706558976808E-4
9	5.190706558976808E-4
10++	0.0015572119676930424
>>END_MODULE
>>Overrepresented sequences	pass
>>END_MODULE
>>Kmer Content	pass
>>END_MODULE
