##FastQC	0.10.1
>>Basic Statistics	pass
#Measure	Value	
Filename	NA12878-trimmed_3.fastq.gz	
File type	Conventional base calls	
Encoding	Sanger / Illumina 1.9	
Total Sequences	209198	
Filtered Sequences	0	
Sequence length	20-76	
%GC	49	
>>END_MODULE
>>Per base sequence quality	fail
#Base	Mean	Median	Lower Quartile	Upper Quartile	10th Percentile	90th Percentile
1	29.453426897006665	31.0	27.0	31.0	23.0	33.0
2	26.075287526649394	31.0	21.0	31.0	13.0	32.0
3	26.00195030545225	30.0	23.0	31.0	14.0	32.0
4	26.906543083585884	31.0	24.0	32.0	14.0	32.0
5	26.244299658696544	30.0	23.0	31.0	15.0	31.0
6	26.760384898517195	30.0	24.0	32.0	16.0	32.0
7	26.619876863067525	30.0	24.0	31.0	15.0	32.0
8	26.94626143653381	31.0	25.0	31.0	15.0	33.0
9	26.9864673658448	31.0	25.0	32.0	15.0	33.0
10	27.16110096654844	31.0	24.0	32.0	16.0	33.0
11	26.77762693716001	31.0	24.0	32.0	15.0	32.0
12	26.723281293320206	31.0	24.0	31.0	15.0	33.0
13	27.503231388445396	31.0	24.0	33.0	16.0	33.0
14	27.658208969493018	32.0	23.0	33.0	17.0	33.0
15	27.25637434392298	31.0	24.0	32.0	15.0	33.0
16	27.541730800485663	31.0	24.0	33.0	16.0	34.0
17	27.48437365557988	30.0	24.0	33.0	15.0	34.0
18	27.64383502710351	31.0	25.0	33.0	15.0	35.0
19	27.420634996510483	31.0	24.0	32.0	16.0	34.0
20	27.677520817598637	30.0	24.0	33.0	17.0	36.0
21	27.34328417262629	29.0	24.0	33.0	16.0	34.0
22	27.242264796056773	28.0	24.0	33.0	16.0	34.0
23	27.66530422322217	31.0	23.0	34.0	17.0	36.0
24	27.76159023612067	30.0	24.0	34.0	16.0	35.0
25	27.614176880136192	30.0	24.0	33.0	17.0	34.0
26	28.121300407766878	30.0	25.0	34.0	16.0	35.0
27	27.94518938430418	30.0	25.0	34.0	17.0	34.0
28	28.094770422552866	30.0	24.0	33.0	18.0	35.0
29	26.969214478999177	28.0	23.0	32.0	16.0	34.0
30	27.219190026908272	29.0	24.0	33.0	17.0	35.0
31	27.064697011533315	29.0	24.0	33.0	16.0	34.0
32	27.24720512406164	29.0	23.0	33.0	17.0	35.0
33	27.241066723688935	29.0	24.0	32.0	16.0	35.0
34	27.12230858642966	29.0	24.0	32.0	16.0	35.0
35	26.876337236839955	28.0	24.0	32.0	17.0	35.0
36	27.18393826179568	28.0	24.0	33.0	17.0	34.0
37	26.948353810502383	29.0	22.0	32.0	17.0	35.0
38	27.15366160587378	29.0	24.0	32.0	17.0	36.0
39	27.368400839297088	30.0	24.0	33.0	17.0	35.0
40	27.4455735763717	29.0	23.0	33.0	17.0	36.0
41	27.645684123578416	29.0	22.0	34.0	17.0	36.0
42	26.953111920308054	28.0	22.0	32.0	17.0	35.0
43	26.67961828335954	28.0	22.0	32.0	16.0	35.0
44	26.999448092540238	29.0	23.0	32.0	18.0	35.0
45	27.488175933648954	28.0	24.0	33.0	17.0	35.0
46	27.00328761745872	28.0	24.0	32.0	17.0	35.0
47	27.00956025391625	29.0	23.0	32.0	17.0	35.0
48	26.35772455409591	28.0	23.0	31.0	18.0	34.0
49	26.26116651303109	28.0	23.0	32.0	17.0	34.0
50	26.54931134284509	28.0	24.0	31.0	17.0	34.0
51	26.953491197958595	29.0	22.0	32.0	18.0	35.0
52	26.46998494095268	27.0	22.0	32.0	17.0	34.0
53	26.341996992779364	27.0	23.0	31.0	18.0	34.0
54	26.604655148772796	27.0	23.0	32.0	18.0	35.0
55	26.494254524561907	27.0	23.0	32.0	18.0	35.0
56	26.91948521791562	28.0	23.0	32.0	18.0	35.0
57	26.397085935176925	28.0	23.0	31.0	18.0	34.0
58	26.147761661275176	27.0	23.0	30.0	16.0	34.0
59	25.96342760883057	27.0	23.0	30.0	17.0	34.0
60	26.25061970908751	28.0	22.0	31.0	18.0	34.0
61	25.865946774073983	27.0	23.0	31.0	17.0	34.0
62	26.13101250438869	28.0	21.0	32.0	15.0	34.0
63	23.391850723533892	20.0	20.0	27.0	20.0	30.0
64	23.80456232748501	22.0	20.0	28.0	20.0	32.0
65	25.28206002728513	26.0	22.0	30.0	17.0	32.0
66	24.89820611289389	25.0	20.0	29.0	20.0	32.0
67	25.695260575191007	26.0	22.0	29.0	20.0	33.0
68	25.413155631986243	25.0	23.0	29.0	20.0	32.0
69	24.822183391579298	25.0	22.0	28.0	20.0	31.0
70	24.161156225831398	23.0	22.0	27.0	20.0	32.0
71	23.17312466270912	22.0	21.0	26.0	19.0	27.0
72	22.66971839147062	21.0	21.0	25.0	20.0	28.0
73	21.921457589560507	20.0	20.0	25.0	16.0	27.0
74	21.515618821668642	20.0	18.0	25.0	16.0	30.0
75	21.623631201838585	19.0	17.0	26.0	16.0	31.0
76	22.71313515888124	24.0	17.0	27.0	16.0	32.0
>>END_MODULE
>>Per sequence quality scores	warn
#Quality	Count
21	16.0
22	513.0
23	5030.0
24	18974.0
25	39442.0
26	50264.0
27	44458.0
28	28664.0
29	14641.0
30	5625.0
31	1492.0
32	79.0
>>END_MODULE
>>Per base sequence content	warn
#Base	G	A	T	C
1	28.672358244342682	32.33635120794654	19.04224705781126	19.94904348989952
2	28.788038126559528	30.139867493953098	20.70622090077343	20.365873478713944
3	26.776546620904597	28.14606258186025	22.927561448962226	22.149829348272927
4	29.96586965458561	27.777990229352095	20.56807426457232	21.688065851489977
5	28.79951051157277	29.175709136798634	21.8214323272689	20.203348024359695
6	29.395596516219086	28.06336580655647	20.035564393541048	22.5054732836834
7	28.290901442652416	27.73257870534135	22.48157248157248	21.49494737043375
8	27.90705456075106	27.340127534680065	22.857293090756126	21.895524813812752
9	27.849692635684853	27.3879291389019	22.39696364209983	22.365414583313417
10	28.272258817005895	28.484975955793075	21.22391227449593	22.018852952705092
11	28.592529565292214	28.047113261121044	21.725829118825228	21.634528054761518
12	28.74214858650656	27.268425128347307	22.11063203281102	21.87879425233511
13	28.559546458379142	27.52129561468083	22.371150775820038	21.54800715111999
14	28.14510654977581	27.705809806977122	22.53463226225872	21.614451380988346
15	28.237841661966172	27.37311064159313	22.448111358617197	21.940936337823498
16	28.520349142917233	27.224925668505435	22.425166588590713	21.829558599986616
17	28.544386391774264	27.372763471751504	22.29668685497402	21.78616328150021
18	28.753620971519805	26.744519546075967	22.394573561888738	22.107285920515494
19	29.10175576131589	26.79244922250319	22.317719661371818	21.788075354809102
20	29.346979163181114	26.88900892460217	22.18052840145891	21.5834835107578
21	29.378366214458463	26.636431528292277	22.200570741815987	21.784631515433276
22	29.44383023155826	26.759208074852076	22.07839403804025	21.718567655549414
23	29.116434010152286	26.93898054145516	22.338197969543145	21.606387478849406
24	29.273769264809523	26.530121666730405	22.180276550062555	22.01583251839752
25	29.33181756481607	26.916202886747204	22.083842360074204	21.66813718836252
26	29.1376586906921	26.92447200608436	22.24594863394372	21.69192066927982
27	29.140219971897864	26.73518581326615	22.340593051988954	21.784001162847037
28	29.30938308900491	26.98351018156976	22.101746754996775	21.60535997442856
29	28.98452206651328	27.258288015059613	22.303780589834762	21.453409328592347
30	29.06941889774508	26.957558416785886	22.32032154778936	21.652701137679678
31	29.394647408666103	27.345652789578022	22.00438969130558	21.2553101104503
32	28.9225480401951	27.442410530645823	22.387906211435624	21.247135217723454
33	28.99924387654566	27.334244754870884	22.157472256379315	21.509039112204135
34	29.025447184045294	27.554603109332742	22.1037814926695	21.31616821395246
35	28.661260422536362	27.668210141199335	22.439179753534066	21.231349682730237
36	28.666221482126403	27.51071401401486	22.30205489294439	21.521009610914348
37	28.65800335805233	27.667203022247094	22.226983349657196	21.447810270043373
38	28.600659109839565	27.934306305001265	22.377141201607937	21.087893383551226
39	28.63713431941023	27.627326632506815	22.683203282343353	21.052335765739606
40	28.731169436247868	27.741108867836623	22.405458922192885	21.12226277372263
41	28.54869093070344	27.881816075511995	22.79362137223101	20.775871621553556
42	28.279773552525562	27.92398731726714	22.71904398145726	21.07719514875004
43	28.58041427177096	27.88634638325561	22.54527708491487	20.987962260058563
44	28.31332086778256	28.168014598211265	22.77591295140688	20.742751582599293
45	28.311618125638827	27.84990072488457	23.060023262098053	20.778457887378547
46	28.353759523020866	28.049513574521857	22.867518064603193	20.729208837854085
47	28.33171206225681	28.46610690149498	22.72168748720049	20.480493549047715
48	28.04480760500948	28.399957275227646	22.677508077652273	20.877727042110603
49	28.33158740135484	28.492213143375935	22.579789091417	20.596410363852225
50	28.214041569095166	28.618387561270055	22.70155484124329	20.466016028391486
51	27.771110874815818	28.594431195029696	22.685361000136712	20.94909693001777
52	27.849204965202368	28.871732272230062	22.70486215697776	20.574200605589816
53	27.57122083415956	28.937801573137683	22.954260030405184	20.536717562297575
54	27.638346019337583	29.006377288623742	22.894809024206268	20.460467667832408
55	28.251459362370902	29.151324651998205	22.29366861248316	20.303547373147733
56	27.735464897066585	29.584872935676042	22.654777166126237	20.02488500113114
57	27.78736829573189	29.458102664841164	22.846598011786416	19.907931027640537
58	27.41143275159369	29.33221862263559	23.229177552513324	20.027171073257392
59	27.624652970571905	30.127706829539147	22.714047751249307	19.533592448639645
60	27.509851754550574	29.871927190842563	23.175079752298743	19.443141302308124
61	28.087565063631608	29.49966378601848	23.019450601449456	19.393320548900455
62	28.742531845338743	29.850073272460826	23.196370195017472	18.211024687182956
63	25.862583275330614	30.277418713333997	23.06850949587352	20.791488515461868
64	26.037577851049353	30.412937666823677	23.085780080598735	20.463704401528236
65	25.869398207426375	30.934699103713186	22.46862996158771	20.727272727272727
66	26.16314568323361	31.200390768103553	22.322627915496398	20.313835633166445
67	25.888925402563263	31.43608281301347	23.06276700624384	19.612224778179428
68	26.959663741611976	31.30300125359487	22.712189366565887	19.02514563822727
69	27.574922493971755	32.199448846021355	22.743713399931107	17.481915260075784
70	27.24025311288018	31.700347009593795	22.749540722596446	18.30985915492958
71	25.85111211983659	32.52383113935542	23.20699046754426	18.41806627326373
72	24.88456865127582	32.92831105710814	23.633049817739977	18.554070473876063
73	24.70967741935484	33.53548387096774	23.793548387096774	17.961290322580645
74	25.141547586950665	32.60986788891885	22.90374764087355	19.344836883256946
75	24.643411947465047	32.114108176811186	23.894930094619404	19.347549781104366
76	25.639454740389034	31.27584622453668	25.05743605452596	18.027262980548322
>>END_MODULE
>>Per base GC content	warn
#Base	%GC
1	48.621401734242205
2	49.15391160527347
3	48.92637596917753
4	51.65393550607559
5	49.00285853593246
6	51.90106979990249
7	49.78584881308617
8	49.80257937456381
9	50.21510721899827
10	50.291111769710994
11	50.22705762005373
12	50.62094283884168
13	50.107553609499135
14	49.75955793076416
15	50.17877799978967
16	50.34990774290385
17	50.33054967327447
18	50.860906892035295
19	50.889831116124995
20	50.93046267393891
21	51.162997729891735
22	51.162397887107666
23	50.72282148900169
24	51.28960178320704
25	50.99995475317859
26	50.82957935997192
27	50.9242211347449
28	50.91474306343346
29	50.43793139510563
30	50.72212003542476
31	50.6499575191164
32	50.16968325791855
33	50.5082829887498
34	50.34161539799775
35	49.89261010526659
36	50.18723109304075
37	50.10581362809571
38	49.688552493390794
39	49.689470085149836
40	49.85343220997049
41	49.324562552257
42	49.3569687012756
43	49.56837653182952
44	49.05607245038185
45	49.090076013017374
46	49.08296836087495
47	48.81220561130453
48	48.92253464712008
49	48.92799776520707
50	48.68005759748665
51	48.720207804833585
52	48.423405570792184
53	48.107938396457136
54	48.098813687169994
55	48.55500673551864
56	47.760349898197724
57	47.695299323372424
58	47.438603824851086
59	47.158245419211546
60	46.9529930568587
61	47.48088561253206
62	46.9535565325217
63	46.654071790792486
64	46.50128225257759
65	46.596670934699105
66	46.47698131640005
67	45.50115018074269
68	45.98480937983925
69	45.056837754047535
70	45.55011226780976
71	44.26917839310032
72	43.43863912515189
73	42.670967741935485
74	44.486384470207604
75	43.99096172856941
76	43.666717720937356
>>END_MODULE
>>Per sequence GC content	pass
#GC Content	Count
0	4.0
1	4.0
2	9.0
3	15.5
4	17.5
5	22.5
6	29.5
7	39.0
8	52.0
9	60.0
10	68.0
11	83.5
12	102.0
13	119.5
14	142.5
15	187.0
16	238.0
17	294.0
18	365.0
19	427.5
20	518.0
21	655.0
22	812.5
23	1020.5
24	1267.0
25	1518.5
26	1791.0
27	2160.5
28	2638.0
29	3058.0
30	3582.5
31	4259.5
32	4832.0
33	5432.5
34	6280.0
35	7158.5
36	7992.0
37	8764.0
38	9663.5
39	10671.5
40	11530.5
41	12236.0
42	12694.5
43	13337.5
44	14140.0
45	14772.0
46	15415.0
47	16074.0
48	16708.5
49	17137.0
50	17624.5
51	17984.0
52	18059.5
53	18261.5
54	18422.0
55	18440.5
56	18301.5
57	18030.0
58	17680.0
59	17259.5
60	16620.5
61	15876.5
62	15203.0
63	14233.5
64	13079.0
65	12072.5
66	10958.5
67	9785.5
68	8762.0
69	7794.5
70	6771.5
71	5957.0
72	5306.5
73	4527.5
74	3755.5
75	3176.5
76	2741.0
77	2355.5
78	1938.0
79	1545.5
80	1185.5
81	922.0
82	814.5
83	636.5
84	449.5
85	352.0
86	301.5
87	281.5
88	205.0
89	119.5
90	84.5
91	65.0
92	60.0
93	38.0
94	14.5
95	12.0
96	11.0
97	10.0
98	6.0
99	2.5
100	2.0
>>END_MODULE
>>Per base N content	fail
#Base	N-Count
1	0.0
2	0.0
3	0.0
4	0.0
5	0.0
6	0.0
7	0.0
8	0.0
9	0.0
10	0.0
11	0.0
12	0.0
13	0.0
14	0.0
15	0.0
16	0.0
17	4.7801604221837685E-4
18	0.0
19	4.7801604221837685E-4
20	4.7801604221837685E-4
21	4.945745175425582E-4
22	5.11841451991831E-4
23	5.28762009507141E-4
24	5.463227018935545E-4
25	5.655820687860912E-4
26	5.85031386933909E-4
27	0.0012112843247695532
28	6.267470574225654E-4
29	0.001307240806829026
30	0.0034061105623488536
31	0.002123999065440411
32	0.004407163109106668
33	0.00916429286025217
34	0.007116480979227783
35	0.002449899554118281
36	0.0025357970009974137
37	0.0026234095579554893
38	0.004526648379007216
39	0.00281014650230432
40	0.004853002552679343
41	0.0040292929598178765
42	0.005231876778838105
43	0.005422111370167543
44	0.005631708773075926
45	0.007048623756211599
46	0.006133614661792487
47	0.010238558410975734
48	0.008010253123998718
49	0.004190061174893154
50	0.0058175894817982165
51	0.009113416467943558
52	0.009510977252912736
53	0.008261595148791328
54	0.020567667626491155
55	0.03770468256248204
56	0.05087524259953648
57	0.09515313707998811
58	0.1460920379839299
59	0.20170227857079528
60	0.304008231607502
61	0.7808445970990141
62	4.1672293191454886
63	41.080321049856465
64	39.37942193597513
65	4.867472227635938
66	13.84081224683045
67	5.4910242872228086
68	2.830323875035827
69	3.378265934431686
70	5.278422273781903
71	4.8893685914732865
72	4.623942519411287
73	4.591899544503263
74	2.2274943983129036
75	4.27200216303907
76	4.393029726167814
>>END_MODULE
>>Sequence Length Distribution	warn
#Length	Count
20-21	13825.0
22-23	12331.0
24-25	12111.0
26-27	11377.0
28-29	12759.0
30-31	10653.0
32-33	9675.0
34-35	8161.0
36-37	7849.0
38-39	7428.0
40-41	7461.0
42-43	6785.0
44-45	7265.0
46-47	6614.0
48-49	6147.0
50-51	5672.0
52-53	4741.0
54-55	5273.0
56-57	5156.0
58-59	5153.0
60-61	5735.0
62-63	5508.0
64-65	12510.0
66-67	5053.0
68-69	3612.0
70-71	1715.0
72-73	1042.0
74-75	758.0
76-77	6829.0
>>END_MODULE
>>Sequence Duplication Levels	pass
#Total Duplicate Percentage	0.2955640430365204
#Duplication Level	Relative count
1	100.0
2	0.14221118360765736
3	0.0055081796467754615
4	0.0
5	5.007436042523146E-4
6	0.0
7	0.0
8	0.0
9	0.0
10++	5.007436042523146E-4
>>END_MODULE
>>Overrepresented sequences	pass
>>END_MODULE
>>Kmer Content	fail
#Sequence	Count	Obs/Exp Overall	Obs/Exp Max	Max Obs/Exp Position
TTTTT	15270	3.542732	11.756368	71
CCTCC	11345	3.0611389	5.6181836	65
CTCCT	11230	2.9178534	5.202203	61
TTTCT	11125	2.680366	6.641186	70
CTTCT	10485	2.6233566	6.0885468	72
TCCTG	13345	2.6016102	5.398106	67
TTCTT	10720	2.5827885	7.5249343	65
CAGCA	19410	2.4166625	6.0596175	72
CCAGC	14880	2.4074361	5.4655576	71
TCTTT	9750	2.3490849	8.876162	66
CTCTG	11945	2.32868	5.110897	69
TCTCT	9015	2.255561	6.0885468	72
CCTCT	8515	2.212424	5.449381	69
ATTTT	11875	2.2017415	7.777251	69
TTTTC	9080	2.1876605	5.312949	70
CACAC	12795	2.1231992	6.113383	66
TTCTG	11070	2.0781476	5.28482	71
CTTTT	8555	2.0611715	5.673718	64
TCCTT	8225	2.0579026	5.4181976	62
CTCAG	12980	2.0222356	5.032938	67
ACACA	15650	1.9984965	7.0904727	65
CTTTG	10630	1.9955477	5.379173	66
TTTTG	10720	1.9378886	6.976115	70
TGTTT	10595	1.9152919	5.00555	67
TTTCC	7625	1.907782	5.4181976	62
TTTGT	10550	1.9071572	6.5985737	72
TCTGT	9640	1.809697	5.2848206	71
TATTT	8815	1.6343874	9.187211	68
TTGTT	8840	1.598035	6.5985737	72
TCCAT	7760	1.551615	5.6289015	71
TGTCT	8260	1.5506325	6.2095723	70
AAAAT	16305	1.5429561	5.3279996	71
CTGTC	7710	1.503066	5.3737226	70
TTTAT	8080	1.4981111	5.6398487	72
TTATT	6985	1.2950875	5.9895916	67
GATTT	8340	1.2048512	5.575027	70
ATTCA	7460	1.1478884	5.64758	69
CTACA	6140	0.9811242	5.162026	67
GACTC	6095	0.94957817	6.1402555	71
>>END_MODULE
