##FastQC	0.10.1
>>Basic Statistics	pass
#Measure	Value	
Filename	SRR1002940.r1.trim.fq	
File type	Conventional base calls	
Encoding	Sanger / Illumina 1.9	
Total Sequences	9410	
Filtered Sequences	0	
Sequence length	36-100	
%GC	43	
>>END_MODULE
>>Per base sequence quality	pass
#Base	Mean	Median	Lower Quartile	Upper Quartile	10th Percentile	90th Percentile
1	32.29872476089267	33.0	31.0	34.0	31.0	34.0
2	32.58427205100956	34.0	31.0	34.0	31.0	34.0
3	32.70276301806589	34.0	31.0	34.0	31.0	34.0
4	36.26195536663124	37.0	37.0	37.0	35.0	37.0
5	36.14293304994686	37.0	35.0	37.0	35.0	37.0
6	36.14187035069075	37.0	35.0	37.0	35.0	37.0
7	36.11243358129649	37.0	35.0	37.0	35.0	37.0
8	36.127736450584486	37.0	35.0	37.0	35.0	37.0
9	37.82869287991498	39.0	38.0	39.0	35.0	39.0
10	37.76769394261424	39.0	37.0	39.0	35.0	39.0
11	37.73740701381509	39.0	37.0	39.0	35.0	39.0
12	37.746971307120084	39.0	37.0	39.0	35.0	39.0
13	37.655154091392134	39.0	37.0	39.0	35.0	39.0
14	39.05441020191286	40.0	38.0	41.0	36.0	41.0
15	38.98214665249734	40.0	38.0	41.0	36.0	41.0
16	38.95419766206164	40.0	38.0	41.0	36.0	41.0
17	38.97470775770457	40.0	38.0	41.0	36.0	41.0
18	38.96461211477152	40.0	38.0	41.0	36.0	41.0
19	38.95557917109458	40.0	38.0	41.0	36.0	41.0
20	38.81859723698194	40.0	38.0	41.0	35.0	41.0
21	38.80913921360255	40.0	38.0	41.0	35.0	41.0
22	38.75908607863975	40.0	38.0	41.0	35.0	41.0
23	38.72433581296493	40.0	38.0	41.0	35.0	41.0
24	38.56758767268863	40.0	38.0	41.0	34.0	41.0
25	38.649734325185975	40.0	38.0	41.0	34.0	41.0
26	38.50223166843783	40.0	38.0	41.0	34.0	41.0
27	38.49256110520723	40.0	38.0	41.0	34.0	41.0
28	38.47810839532412	40.0	38.0	41.0	34.0	41.0
29	38.443145589798085	40.0	38.0	41.0	34.0	41.0
30	38.45759829968119	40.0	38.0	41.0	34.0	41.0
31	38.4173219978746	40.0	38.0	41.0	34.0	41.0
32	38.34240170031881	40.0	38.0	41.0	34.0	41.0
33	38.35377258235919	40.0	38.0	41.0	34.0	41.0
34	38.38225292242296	40.0	38.0	41.0	34.0	41.0
35	38.3173219978746	40.0	38.0	41.0	34.0	41.0
36	38.2807651434644	40.0	38.0	41.0	34.0	41.0
37	38.15662265758092	40.0	38.0	41.0	34.0	41.0
38	38.189385058083765	40.0	38.0	41.0	33.0	41.0
39	38.11150234741784	40.0	38.0	41.0	33.0	41.0
40	38.145648691938064	40.0	38.0	41.0	33.0	41.0
41	38.11969648391578	40.0	38.0	41.0	33.0	41.0
42	38.17625668449198	40.0	38.0	41.0	33.0	41.0
43	38.13629058180649	40.0	38.0	41.0	33.0	41.0
44	38.08964036500269	40.0	37.0	41.0	33.0	41.0
45	38.02505106977744	40.0	37.0	41.0	33.0	41.0
46	37.95673697804563	40.0	37.0	41.0	33.0	41.0
47	37.955627355950455	40.0	37.0	41.0	33.0	41.0
48	37.81665228645384	40.0	37.0	41.0	33.0	41.0
49	37.79150912822729	40.0	37.0	41.0	33.0	41.0
50	37.63258232235702	39.0	37.0	41.0	32.0	41.0
51	37.49582202930005	39.0	36.0	41.0	32.0	41.0
52	37.34181067275296	39.0	36.0	40.0	31.0	41.0
53	37.29825708061002	39.0	36.0	41.0	31.0	41.0
54	37.36403317328678	39.0	36.0	40.0	32.0	41.0
55	37.33508254072373	39.0	36.0	40.0	32.0	41.0
56	37.178708474947925	39.0	36.0	40.0	31.0	41.0
57	37.01790225151016	39.0	35.0	40.0	31.0	41.0
58	36.98117569352708	39.0	35.0	40.0	31.0	41.0
59	36.907497243660416	39.0	35.0	40.0	31.0	41.0
60	36.7409412284578	38.0	35.0	40.0	31.0	41.0
61	36.648992694266106	38.0	35.0	40.0	31.0	41.0
62	36.584118886547635	38.0	35.0	40.0	31.0	41.0
63	36.502722524724966	38.0	35.0	40.0	31.0	41.0
64	36.23171139071373	38.0	34.0	40.0	30.0	41.0
65	36.12686900245481	38.0	34.0	40.0	30.0	41.0
66	36.02797359292828	37.0	34.0	40.0	30.0	41.0
67	35.893922404126485	37.0	34.0	40.0	30.0	41.0
68	35.722041137462064	37.0	34.0	40.0	30.0	41.0
69	35.565442667267405	37.0	34.0	39.0	29.0	41.0
70	35.364704553157836	36.0	34.0	39.0	29.0	41.0
71	35.23811141304348	36.0	33.0	39.0	29.0	40.0
72	35.02750312535515	36.0	33.0	39.0	29.0	40.0
73	34.825740318906604	36.0	33.0	39.0	29.0	40.0
74	34.71978524103267	35.0	33.0	39.0	29.0	40.0
75	34.547436044510725	35.0	33.0	38.0	29.0	40.0
76	32.77100816185769	34.0	30.0	36.0	26.0	39.0
77	33.69760202905234	34.0	32.0	37.0	28.0	39.0
78	34.22515025427647	35.0	33.0	37.0	29.0	39.0
79	34.33043880977191	35.0	33.0	37.0	29.0	39.0
80	34.35197215777262	35.0	33.0	37.0	29.0	39.0
81	34.25967235970722	35.0	33.0	37.0	29.0	39.0
82	34.161076170510135	35.0	33.0	37.0	29.0	39.0
83	33.96415226529659	35.0	33.0	36.0	29.0	39.0
84	33.759521856322515	35.0	33.0	36.0	29.0	38.0
85	33.568	35.0	33.0	36.0	29.0	37.0
86	33.416420555227404	35.0	33.0	36.0	29.0	37.0
87	33.41318785578748	35.0	32.0	36.0	29.0	37.0
88	33.29724901750625	34.0	32.0	35.0	29.0	37.0
89	33.13971554918131	34.0	32.0	35.0	29.0	37.0
90	32.96434573829532	34.0	32.0	35.0	28.0	36.0
91	32.909934892693514	34.0	32.0	35.0	28.0	36.0
92	32.722894482091	34.0	32.0	35.0	27.0	36.0
93	32.70799902747386	34.0	32.0	35.0	27.0	36.0
94	32.64724563332112	34.0	32.0	35.0	27.0	36.0
95	32.58766313715834	34.0	32.0	35.0	27.0	36.0
96	32.580059671805074	34.0	32.0	35.0	27.0	35.0
97	32.528046178943406	34.0	32.0	35.0	27.0	35.0
98	32.62835005715738	34.0	32.0	35.0	28.0	35.0
99	32.769270364174496	34.0	32.0	35.0	29.0	35.0
100	32.816238195173135	34.0	32.0	35.0	29.0	35.0
>>END_MODULE
>>Per sequence quality scores	pass
#Quality	Count
24	1.0
25	1.0
26	12.0
27	29.0
28	72.0
29	117.0
30	172.0
31	300.0
32	360.0
33	597.0
34	745.0
35	1007.0
36	1365.0
37	1963.0
38	2165.0
39	504.0
>>END_MODULE
>>Per base sequence content	warn
#Base	G	A	T	C
1	21.26461211477152	31.41339001062699	27.417640807651434	19.904357066950055
2	21.41794217687075	30.729166666666668	27.221513605442176	20.631377551020407
3	23.198724760892667	28.73538788522848	28.310308182784272	19.75557917109458
4	23.99574920297556	28.59723698193411	26.91817215727949	20.488841657810838
5	23.868225292242297	30.255047821466523	25.823591923485655	20.053134962805526
6	24.027630180658875	29.394261424017003	25.217853347502654	21.360255047821468
7	22.040382571732202	28.884165781083954	28.310308182784272	20.765143464399575
8	22.433581296493095	28.767268862911795	27.76833156216791	21.030818278427205
9	22.369819341126462	28.799149840595113	27.906482465462272	20.924548352816153
10	23.70882040382572	29.00106269925611	26.38682252922423	20.903294367693942
11	22.911795961742826	28.193411264612116	27.215727948990438	21.679064824654624
12	22.92242295430393	28.310308182784272	27.906482465462272	20.86078639744952
13	21.859723698193413	29.26673751328374	27.906482465462272	20.967056323060575
14	21.736819727891156	28.273809523809522	28.348214285714285	21.641156462585034
15	21.126461211477153	29.309245483528162	27.948990435706694	21.61530286928799
16	21.572794899043572	28.3634431455898	28.193411264612116	21.870350690754517
17	22.104144527098832	29.500531349628055	27.555791710945805	20.839532412327312
18	23.092454835281615	28.395324123273113	27.42826780021254	21.08395324123273
19	22.48671625929862	28.20403825717322	27.608926673751327	21.700318809776835
20	21.583421891604676	29.13921360255048	27.38575982996812	21.891604675876728
21	22.210414452709884	29.44739638682253	27.151965993623804	21.190223166843783
22	22.433581296493095	28.3634431455898	27.566418703506905	21.636556854410202
23	22.518597236981936	28.469713071200854	27.332624867162593	21.679064824654624
24	22.816153028692877	27.640807651434645	28.24654622741764	21.296493092454835
25	22.67800212539851	27.842720510095642	28.076514346439957	21.402763018065887
26	22.221041445270988	29.298618490967055	27.141339001062697	21.339001062699257
27	22.52922422954304	28.140276301806587	27.906482465462272	21.424017003188098
28	22.337938363443147	28.69287991498406	27.3538788522848	21.61530286928799
29	22.454835281615303	27.778958554729012	27.73645058448459	22.029755579171095
30	22.77364505844846	27.502656748140275	28.065887353878853	21.657810839532413
31	22.69925611052072	27.80021253985122	28.087141339001064	21.413390010626994
32	22.146652497343254	27.948990435706694	27.80021253985122	22.104144527098832
33	22.252922422954306	29.543039319872477	27.23698193411265	20.967056323060575
34	23.13742161760017	29.18482304176852	27.218620469762993	20.45913487086832
35	22.731137088204036	28.087141339001064	27.65143464399575	21.53028692879915
36	23.0605738575983	27.906482465462272	27.89585547290117	21.137088204038257
37	23.149824299861567	28.080076669151318	27.952294750292833	20.817804280694283
38	22.26366833635298	28.231908771181924	27.805605882979854	21.69881700948524
39	22.215108834827145	28.617157490396927	27.699530516431924	21.468203158344004
40	22.327816337426587	29.834490122797654	26.68446342765617	21.153230112119594
41	22.891952548893876	28.769904884044028	27.91492999893128	20.42321256813081
42	22.524064171122994	29.22994652406417	26.802139037433154	21.44385026737968
43	22.168648880317154	28.104575163398692	27.89028179577842	21.836494160505733
44	22.74825550187869	28.4272678475577	27.160493827160494	21.663982823403114
45	21.890119342006237	28.566820771960007	28.083001827760455	21.460058058273304
46	22.051226861816616	28.917348256564786	27.356866121394745	21.674558760223846
47	22.229402261712437	28.766828217555197	27.539041464728054	21.464728056004308
48	22.357635893011217	28.559102674719583	27.25409836065574	21.82916307161346
49	22.599114183860863	28.34611645241439	27.35227395484498	21.702495408879766
50	22.49783362218371	27.512998266897746	28.15207972270364	21.837088388214905
51	22.354856212696692	28.45360824742268	27.24905046120456	21.94248507867607
52	21.388979458754484	28.99684816867732	28.18171937832844	21.432452994239757
53	21.62309368191721	29.575163398692812	27.734204793028322	21.067538126361658
54	22.1846355303361	29.201222173723263	26.73505019642078	21.87909209951986
55	21.93068765715535	28.304362085929814	27.692139499289386	22.07281075762545
56	21.686218616379783	29.55816248218397	26.784343821949346	21.971275079486897
57	21.680395387149918	28.72048325096101	27.358594179022518	22.240527182866558
58	21.99713750963338	28.867114389518882	27.567984146207202	21.567763954640537
59	22.32635060639471	28.732083792723262	27.640573318632853	21.300992282249172
60	22.193990278391514	29.18692001767565	27.08793636765356	21.531153336279274
61	22.33783484613682	29.045826876245297	26.389196369271637	22.227141908346248
62	22.460070984915706	28.870896184560777	27.06299911268855	21.60603371783496
63	22.8247583064785	27.825313923769308	26.70296699633293	22.64696077341927
64	22.024273466206438	28.894332479679324	27.669524551831643	21.411869502282595
65	22.372238339656327	28.46462843115376	27.77281856728409	21.390314661905823
66	22.669799709074635	29.383462011860807	26.216851292379996	21.72988698668457
67	22.011661807580175	28.907826867010538	27.831352321148238	21.249159004261045
68	22.749241317297965	29.009778577048444	26.435877261998424	21.805102843655163
69	22.493804911015992	29.71389952692048	27.21333633701284	20.578959225050685
70	22.178284939554853	28.934583662862956	26.77663540842843	22.110495989153765
71	22.63360507246377	28.60054347826087	27.423007246376812	21.34284420289855
72	22.468462325264234	28.85555176724628	27.61677463348108	21.059211274008412
73	21.993166287015946	29.658314350797266	26.594533029612755	21.753986332574033
74	21.715787068768563	29.369431117203565	27.450308430431804	21.46447338359607
75	22.507743489732707	28.874612825513363	27.13089365607434	21.48675002867959
76	21.715139671226577	29.624094723531442	27.888263018737785	20.772502586504196
77	22.25040350472677	28.9601106755822	27.772653908231497	21.016831911459537
78	22.31853906611188	28.66389274156265	27.92417938049006	21.093388811835414
79	22.55412759059859	29.08417274516615	26.733819613291654	21.627880050943617
80	22.865429234338748	28.48027842227378	27.62180974477958	21.03248259860789
81	22.493319391193214	29.847798303706284	26.31578947368421	21.34309283141629
82	22.303750291171674	29.676217097600745	26.123922664803167	21.89610994642441
83	21.85894441849603	29.226996730499767	27.930873423633816	20.983185427370387
84	21.58678073362241	29.438649947263567	27.80968006562756	21.164889253486464
85	21.847058823529412	28.999999999999996	27.27058823529412	21.88235294117647
86	21.464855286473718	28.871825162433552	28.198464264619023	21.464855286473718
87	21.691176470588236	29.72011385199241	27.78700189753321	20.801707779886147
88	21.876860783613196	29.522448493509586	27.31928069548648	21.281410027390734
89	22.110672881558504	28.815585036452728	27.835544400621487	21.238197681367275
90	22.56902761104442	28.71548619447779	28.64345738295318	20.072028811524607
91	21.883289124668433	29.20183265010851	27.48975162768266	21.42512659754039
92	22.107938044530492	29.803969022265246	28.109874152952564	19.978218780251694
93	21.675176270362265	29.832239241429615	27.802090931193774	20.690493557014346
94	22.572370831806523	28.81397337241969	26.615365823867105	21.998289971906683
95	21.361733563161785	29.069194779610935	28.490519576459	21.078552080768283
96	21.916956737941323	29.574838388861263	26.939333664843364	21.568871208354054
97	22.24871376584264	29.37633329150458	28.146567950809388	20.22838499184339
98	21.28794614505271	30.471230788771752	27.079893306236503	21.16092975993903
99	21.657444344357227	29.97040277956505	27.847123922275124	20.5250289538026
100	22.04879328436516	28.71196222455404	27.820041972717735	21.419202518363065
>>END_MODULE
>>Per base GC content	pass
#Base	%GC
1	41.16896918172157
2	42.04931972789115
3	42.95430393198725
4	44.4845908607864
5	43.92136025504782
6	45.38788522848034
7	42.80552603613177
8	43.4643995749203
9	43.29436769394262
10	44.612114771519664
11	44.59086078639745
12	43.783209351753456
13	42.82678002125399
14	43.37797619047619
15	42.741764080765144
16	43.443145589798085
17	42.94367693942614
18	44.17640807651434
19	44.187035069075456
20	43.4750265674814
21	43.40063761955367
22	44.07013815090329
23	44.19766206163656
24	44.11264612114771
25	44.080765143464404
26	43.560042507970245
27	43.95324123273114
28	43.95324123273114
29	44.4845908607864
30	44.43145589798087
31	44.11264612114771
32	44.250797024442086
33	43.219978746014874
34	43.59655648846849
35	44.261424017003186
36	44.19766206163656
37	43.96762858055585
38	43.96248534583822
39	43.683311993171145
40	43.481046449546184
41	43.31516511702469
42	43.967914438502675
43	44.00514304082289
44	44.412238325281805
45	43.35017740027954
46	43.72578562204046
47	43.69413031771675
48	44.18679896462467
49	44.301609592740625
50	44.334922010398614
51	44.29734129137276
52	42.82143245299424
53	42.690631808278866
54	44.06372762985596
55	44.0034984147808
56	43.657493695866684
57	43.92092257001647
58	43.564901464273916
59	43.62734288864388
60	43.72514361467079
61	44.56497675448306
62	44.066104702750664
63	45.47171907989777
64	43.43614296848904
65	43.76255300156215
66	44.39968669575921
67	43.26082081184122
68	44.55434416095313
69	43.07276413606668
70	44.28878092870862
71	43.97644927536232
72	43.527673599272646
73	43.74715261958998
74	43.180260452364635
75	43.9944935184123
76	42.487642257730776
77	43.2672354161863
78	43.41192787794729
79	44.18200764154221
80	43.89791183294663
81	43.8364122226095
82	44.19986023759609
83	42.84212984586642
84	42.75166998710887
85	43.72941176470589
86	42.929710572947435
87	42.49288425047438
88	43.15827081100393
89	43.34887056292578
90	42.64105642256903
91	43.30841572220883
92	42.08615682478219
93	42.365669827376614
94	44.5706608037132
95	42.44028564393007
96	43.48582794629537
97	42.47709875768603
98	42.448875904991745
99	42.18247329815982
100	43.467995802728225
>>END_MODULE
>>Per sequence GC content	fail
#GC Content	Count
0	0.0
1	0.0
2	0.0
3	0.0
4	0.0
5	0.5
6	1.0
7	0.5
8	0.5
9	0.5
10	0.0
11	1.0
12	2.5
13	2.0
14	2.0
15	4.0
16	4.5
17	6.5
18	12.0
19	16.5
20	22.0
21	32.5
22	49.0
23	66.0
24	79.0
25	104.5
26	133.0
27	150.0
28	166.0
29	188.0
30	232.0
31	272.0
32	295.0
33	318.5
34	327.5
35	311.0
36	336.5
37	352.5
38	320.0
39	279.5
40	271.5
41	300.0
42	304.0
43	265.5
44	216.5
45	202.5
46	191.5
47	193.5
48	204.5
49	211.5
50	217.5
51	196.5
52	186.0
53	199.0
54	182.5
55	179.0
56	226.0
57	240.0
58	211.5
59	203.5
60	199.0
61	179.5
62	175.5
63	160.5
64	126.0
65	114.0
66	110.5
67	94.5
68	88.0
69	81.0
70	58.5
71	43.0
72	37.5
73	29.5
74	18.5
75	15.0
76	10.5
77	6.5
78	4.0
79	3.0
80	3.0
81	1.5
82	0.0
83	0.5
84	0.5
85	0.0
86	0.0
87	0.0
88	0.0
89	0.0
90	0.0
91	0.0
92	0.0
93	0.0
94	0.0
95	0.0
96	0.0
97	0.0
98	0.0
99	0.0
100	0.0
>>END_MODULE
>>Per base N content	pass
#Base	N-Count
1	0.0
2	0.021253985122210415
3	0.0
4	0.0
5	0.0
6	0.0
7	0.0
8	0.0
9	0.0
10	0.0
11	0.0
12	0.0
13	0.0
14	0.021253985122210415
15	0.0
16	0.0
17	0.0
18	0.0
19	0.0
20	0.0
21	0.0
22	0.0
23	0.0
24	0.0
25	0.0
26	0.0
27	0.0
28	0.0
29	0.0
30	0.0
31	0.0
32	0.0
33	0.0
34	0.010626992561105207
35	0.0
36	0.0
37	0.010647359454855196
38	0.0
39	0.0
40	0.0
41	0.0
42	0.0
43	0.0
44	0.0
45	0.0
46	0.0
47	0.0
48	0.0
49	0.0
50	0.0
51	0.0
52	0.0
53	0.0
54	0.0
55	0.0
56	0.0
57	0.0
58	0.011008366358432409
59	0.0
60	0.0
61	0.0
62	0.011090163025396473
63	0.0
64	0.0
65	0.0
66	0.0
67	0.0
68	0.0
69	0.0
70	0.0
71	0.0
72	0.0
73	0.0
74	0.0
75	0.0
76	0.0
77	0.0
78	0.0
79	0.0
80	0.0
81	0.0
82	0.0
83	0.0
84	0.0
85	0.0
86	0.0
87	0.0
88	0.0
89	0.0
90	0.0
91	0.0
92	0.0
93	0.0
94	0.0
95	0.0
96	0.0
97	0.0
98	0.0
99	0.0
100	0.0
>>END_MODULE
>>Sequence Length Distribution	warn
#Length	Count
36-37	27.0
38-39	18.0
40-41	15.0
42-43	35.0
44-45	23.0
46-47	20.0
48-49	40.0
50-51	31.0
52-53	37.0
54-55	43.0
56-57	37.0
58-59	32.0
60-61	35.0
62-63	36.0
64-65	44.0
66-67	40.0
68-69	46.0
70-71	52.0
72-73	45.0
74-75	55.0
76-77	47.0
78-79	32.0
80-81	34.0
82-83	53.0
84-85	68.0
86-87	68.0
88-89	67.0
90-91	66.0
92-93	77.0
94-95	143.0
96-97	171.0
98-99	249.0
100-101	7624.0
>>END_MODULE
>>Sequence Duplication Levels	pass
#Total Duplicate Percentage	13.666312433581297
#Duplication Level	Relative count
1	100.0
2	6.659281142294436
3	0.5292959133431807
4	0.09847365829640571
5	0.0
6	0.0
7	0.012309207287050714
8	0.0
9	0.0
10++	0.024618414574101428
>>END_MODULE
>>Overrepresented sequences	warn
#Sequence	Count	Percentage	Possible Source
TTAGGGGTTAGGGTTAGGGTTAGGGGTTAGGGTTAGGGTTAGGGGTTAGG	18	0.19128586609989373	No Hit
TAGGGGTTAGGGTTAGGGTTAGGGGTTAGGGTTAGGGTTAGGGGTTAGGG	18	0.19128586609989373	No Hit
>>END_MODULE
>>Kmer Content	warn
#Sequence	Count	Obs/Exp Overall	Obs/Exp Max	Max Obs/Exp Position
CTGGG	2015	3.6133273	8.278003	38
CCTGG	1915	3.573741	8.569074	19
CCCAG	1855	3.3957658	10.225926	95
CCTCC	1680	3.3955297	8.14748	79
GAGGC	1990	3.3635893	10.038898	71
AACCC	2385	3.3509967	7.096723	2
GCCTG	1775	3.3124754	7.790819	40
CCAGG	1840	3.2366045	7.6131687	60
CCCTA	2105	3.1377625	7.5290513	29
CTGCC	1600	3.1073933	7.659201	70
GGGTT	2190	3.0727596	6.4426427	16
GCCTC	1570	3.0491297	9.00871	40
ACCCT	2035	3.033419	6.844592	3
CTCCC	1480	2.9912996	7.6271434	48
GGGCC	1265	2.8991494	10.553393	83
GGCAG	1705	2.8818688	7.1953673	49
GGAGG	1770	2.874757	6.7119694	30
GGCCC	1200	2.86209	9.170679	58
GGGAG	1755	2.8503947	7.6445932	47
TAGGG	2135	2.8235788	6.072697	14
GCTGG	1560	2.7974148	8.189537	80
TTTTT	3660	2.772606	5.592273	37
AAAAA	4900	2.7617924	5.005078	44
CTCTG	1765	2.6820886	5.6664085	42
TGCCT	1760	2.6744907	6.769021	71
TCCCA	1785	2.660763	7.327373	69
GGCTG	1480	2.6539576	5.763813	3
CCTAA	2390	2.6274574	6.5833583	36
CCCCT	1285	2.5971756	8.352573	5
CCAGC	1410	2.5811481	8.8032875	60
CCCTG	1320	2.5635993	5.5758224	56
CAGCC	1390	2.544536	6.829793	43
TTAGG	2335	2.5145662	5.9338565	13
AGGGT	1895	2.5061746	6.072697	15
CTCCT	1580	2.4986618	6.964684	67
AGGCC	1390	2.4450436	5.998124	64
AGGCA	1875	2.4324443	5.7887654	72
CAGGG	1435	2.4255025	6.5083494	94
TCCTG	1585	2.4085612	6.279868	25
TGGGA	1820	2.406985	5.465427	32
TCTCC	1520	2.4037762	7.5130606	52
CAGGC	1365	2.401068	7.2693214	23
CAGAG	1850	2.4000118	7.4573674	57
AGAGG	1920	2.3934307	5.769983	39
CCTGC	1220	2.3693874	6.476438	53
GGCCT	1265	2.3607216	5.752792	84
CCTCA	1580	2.3551857	6.239705	41
GGTTA	2185	2.3530314	5.439369	30
CTAAC	2125	2.3361285	5.047977	18
GGCCA	1315	2.3131168	7.2693214	1
AGAAA	3125	2.2948442	5.635909	83
CAGGA	1735	2.2508218	5.3612213	16
CTGGA	1625	2.2365437	5.6878233	27
TGGCC	1195	2.2300885	7.1516595	57
CTGGC	1195	2.2300885	6.2507725	56
CCCTC	1095	2.2131574	5.220011	85
CCTGT	1455	2.2110138	6.4831114	51
GTTAG	2050	2.2076492	5.4393687	18
GGTGG	1270	2.188336	7.1208587	30
GCCCC	880	2.1842718	6.838405	6
CACTG	1515	2.1699946	5.726698	96
CTGTG	1485	2.1683674	5.363842	17
CAGTG	1575	2.167727	6.3198037	3
TGAGG	1630	2.1557066	5.2156606	70
TGGGG	1245	2.1452582	6.7377853	95
CTGCT	1410	2.1426318	6.51887	54
TGGGC	1190	2.1339252	7.322585	82
CCCCA	1120	2.1337023	5.248638	5
TGCTG	1455	2.124562	6.2743616	55
GCAGC	1205	2.1196241	5.653917	31
GTGGG	1230	2.1194117	6.889196	96
TGGAG	1590	2.1028056	5.5780554	45
CACAG	1545	2.0858934	5.791719	54
CAGCA	1525	2.0588915	5.2114334	61
CCACC	1080	2.0574987	6.123411	31
CCTCT	1300	2.0558612	5.3925486	65
CTCCA	1375	2.0496073	6.8640437	83
AGGGG	1260	2.0464373	6.7119694	20
CCCAC	1070	2.0384479	5.239729	94
GTGTG	1445	2.0274599	5.5176578	69
GCAGG	1195	2.0198436	5.4328465	15
AGCTG	1440	1.9819219	5.5481615	79
ACCCC	1035	1.9717696	6.123411	4
CACCT	1320	1.967623	6.844592	25
AGGAG	1575	1.9633613	5.151595	17
AAGAA	2670	1.9607149	5.027327	90
GGGGC	875	1.9269309	6.0736623	33
GAAAG	2000	1.9135569	5.263317	75
CTCTC	1205	1.905625	5.2765474	54
CATGG	1380	1.8993417	6.4922876	48
AGGGA	1520	1.8947994	6.5942206	60
CTGTC	1245	1.8918983	5.181697	65
GCAGA	1455	1.8875768	5.3612213	9
TTCTC	1525	1.8870023	6.500337	89
GCTGC	1010	1.8848449	5.5642304	73
GAGGG	1160	1.8840216	7.8105025	59
TCCTC	1175	1.858182	5.8092484	7
AGGTG	1400	1.8515271	7.982875	78
CACAC	1315	1.8476144	5.3784485	56
CTTCC	1165	1.8423679	5.0830927	9
CTGAG	1335	1.8374066	5.0828505	38
TTCTT	1860	1.8008094	5.5298715	96
CCATG	1250	1.7904246	5.0521836	79
AGCCA	1320	1.7821225	6.819238	29
GAGCC	1010	1.7766144	6.5275187	40
GCCCA	955	1.7482244	6.041824	94
GGCTC	925	1.7262193	5.998351	15
TGTGC	1175	1.7157116	5.6144333	58
GCCCT	880	1.7090663	6.3367085	42
CTGCA	1190	1.7044842	5.431859	51
TCTGG	1160	1.6938092	5.024407	69
GTGGC	940	1.6856216	5.2888813	69
TTTCC	1360	1.6828352	5.129931	36
GGGGT	960	1.6541752	7.1208587	3
GAAGG	1310	1.6330179	5.151595	12
AGCCC	885	1.6200823	7.1339383	64
CCCCC	610	1.5757084	6.553911	80
TTCCC	995	1.5735245	6.799133	92
GCACA	1165	1.5728581	5.7885265	53
ACAGA	1575	1.5682453	5.717367	56
TGTCT	1315	1.5635306	5.109092	55
ACCTC	1040	1.5502484	5.8090286	64
GGGCT	860	1.5421646	5.5049458	83
TCCCC	745	1.5057555	5.5683823	31
GTGCC	770	1.4369608	5.954582	91
ACAGC	1055	1.4243479	5.663639	42
TGTCC	935	1.4208232	5.193407	66
ATGGG	1045	1.3820328	5.2576494	73
AGCAC	1020	1.3770946	5.5793767	5
CCAAC	955	1.3418038	5.4101167	94
GTCCC	690	1.3400633	5.7183046	68
GAGAC	1030	1.3362228	5.3612213	17
GAGCT	940	1.2937546	5.0458846	88
GCACC	700	1.2814211	5.043414	12
GGGGG	600	1.2696598	6.8016405	11
CAAGG	900	1.1675733	5.5075426	48
GGCAA	890	1.1546003	5.157405	73
GGCCG	480	1.1000724	5.887396	84
GGGAC	595	1.0056963	5.608677	51
GGCGG	230	0.5065076	5.056007	6
>>END_MODULE
