##FastQC	0.10.1
>>Basic Statistics	pass
#Measure	Value	
Filename	SRR1533626_1.temp.fq	
File type	Conventional base calls	
Encoding	Sanger / Illumina 1.9	
Total Sequences	10000	
Filtered Sequences	0	
Sequence length	76	
%GC	44	
>>END_MODULE
>>Per base sequence quality	pass
#Base	Mean	Median	Lower Quartile	Upper Quartile	10th Percentile	90th Percentile
1	35.9945	39.0	38.0	39.0	35.0	39.0
2	37.1998	39.0	38.0	39.0	34.0	39.0
3	37.2069	39.0	38.0	39.0	34.0	39.0
4	37.1533	39.0	38.0	39.0	34.0	39.0
5	36.9529	39.0	38.0	39.0	33.0	39.0
6	37.3337	39.0	38.0	39.0	34.0	39.0
7	37.2897	39.0	38.0	39.0	34.0	39.0
8	37.2632	39.0	38.0	39.0	33.0	39.0
9	37.2402	39.0	38.0	39.0	33.0	39.0
10	37.2069	39.0	38.0	39.0	33.0	39.0
11	37.7945	39.0	38.0	39.0	35.0	39.0
12	37.8065	39.0	38.0	39.0	35.0	39.0
13	37.8103	39.0	38.0	39.0	35.0	39.0
14	37.7357	39.0	38.0	39.0	35.0	39.0
15	37.7111	39.0	38.0	39.0	35.0	39.0
16	37.7393	39.0	38.0	39.0	35.0	39.0
17	37.6925	39.0	38.0	39.0	35.0	39.0
18	37.6544	39.0	38.0	39.0	35.0	39.0
19	37.5905	39.0	38.0	39.0	35.0	39.0
20	37.5096	39.0	37.0	39.0	35.0	39.0
21	37.5042	39.0	37.0	39.0	35.0	39.0
22	37.4164	39.0	37.0	39.0	35.0	39.0
23	37.3649	39.0	37.0	39.0	35.0	39.0
24	37.3502	39.0	37.0	39.0	35.0	39.0
25	37.3385	39.0	37.0	39.0	35.0	39.0
26	37.308	39.0	37.0	39.0	35.0	39.0
27	37.1966	39.0	37.0	39.0	35.0	39.0
28	37.1398	39.0	37.0	39.0	34.0	39.0
29	37.1579	39.0	37.0	39.0	35.0	39.0
30	37.1692	39.0	37.0	39.0	35.0	39.0
31	37.1839	39.0	37.0	39.0	35.0	39.0
32	37.1307	39.0	37.0	39.0	35.0	39.0
33	37.0747	39.0	37.0	39.0	34.0	39.0
34	37.0227	39.0	37.0	39.0	34.0	39.0
35	36.9942	39.0	37.0	39.0	34.0	39.0
36	36.9809	39.0	37.0	39.0	34.0	39.0
37	36.9433	39.0	37.0	39.0	34.0	39.0
38	36.8476	39.0	37.0	39.0	34.0	39.0
39	36.7792	39.0	37.0	39.0	33.0	39.0
40	36.6349	39.0	36.0	39.0	33.0	39.0
41	36.501	39.0	36.0	39.0	33.0	39.0
42	36.4714	39.0	36.0	39.0	33.0	39.0
43	36.3628	39.0	36.0	39.0	32.0	39.0
44	36.3557	39.0	36.0	39.0	32.0	39.0
45	36.3106	39.0	36.0	39.0	32.0	39.0
46	36.1984	39.0	36.0	39.0	32.0	39.0
47	36.081	38.0	36.0	39.0	31.0	39.0
48	36.0433	38.0	36.0	39.0	31.0	39.0
49	35.9876	38.0	36.0	39.0	31.0	39.0
50	35.8739	38.0	35.0	39.0	31.0	39.0
51	35.6744	38.0	35.0	39.0	31.0	39.0
52	35.6156	37.0	35.0	39.0	31.0	39.0
53	35.4483	37.0	35.0	39.0	30.0	39.0
54	35.4344	37.0	35.0	39.0	30.0	39.0
55	35.2817	37.0	35.0	39.0	30.0	39.0
56	35.0903	37.0	35.0	39.0	30.0	39.0
57	34.9195	37.0	35.0	39.0	29.0	39.0
58	34.5859	37.0	34.0	39.0	28.0	39.0
59	34.6151	37.0	35.0	39.0	28.0	39.0
60	34.5847	37.0	35.0	39.0	29.0	39.0
61	34.3471	37.0	34.0	39.0	27.0	39.0
62	34.2087	37.0	34.0	39.0	27.0	39.0
63	34.038	37.0	34.0	39.0	27.0	39.0
64	33.681	37.0	33.0	39.0	26.0	39.0
65	33.7506	37.0	33.0	39.0	26.0	39.0
66	33.3408	37.0	33.0	39.0	25.0	39.0
67	33.2883	36.0	33.0	39.0	25.0	39.0
68	32.9466	36.0	33.0	39.0	24.0	39.0
69	32.7541	36.0	33.0	38.0	24.0	39.0
70	32.3624	36.0	32.0	38.0	21.0	39.0
71	31.2673	35.0	31.0	37.0	17.0	39.0
72	31.0178	35.0	30.0	37.0	16.0	39.0
73	30.8528	35.0	30.0	37.0	13.0	39.0
74	30.6646	35.0	30.0	37.0	8.0	38.0
75	30.543	35.0	30.0	37.0	2.0	39.0
76	29.9744	35.0	28.0	37.0	2.0	38.0
>>END_MODULE
>>Per sequence quality scores	pass
#Quality	Count
2	25.0
3	0.0
4	1.0
5	3.0
6	3.0
7	5.0
8	5.0
9	3.0
10	7.0
11	9.0
12	6.0
13	13.0
14	11.0
15	18.0
16	11.0
17	22.0
18	24.0
19	22.0
20	31.0
21	25.0
22	37.0
23	43.0
24	44.0
25	55.0
26	78.0
27	88.0
28	103.0
29	164.0
30	204.0
31	297.0
32	302.0
33	246.0
34	300.0
35	534.0
36	969.0
37	2414.0
38	3878.0
>>END_MODULE
>>Per base sequence content	warn
#Base	G	A	T	C
1	21.46613716861651	31.329827197595794	25.66276698508104	21.541268648706666
2	22.52	29.909999999999997	28.26	19.31
3	21.09	28.299999999999997	29.349999999999998	21.26
4	22.15	27.68	29.110000000000003	21.060000000000002
5	22.720000000000002	28.62	27.87	20.79
6	23.09	27.61	26.75	22.55
7	21.77	27.860000000000003	28.89	21.48
8	21.62	27.43	28.470000000000002	22.48
9	21.51	27.07	28.560000000000002	22.86
10	21.240000000000002	27.779999999999998	28.08	22.900000000000002
11	21.64	27.779999999999998	28.58	22.0
12	21.25	27.42	28.749999999999996	22.58
13	21.0	27.38	28.999999999999996	22.62
14	21.94	27.36	28.62	22.08
15	20.82	27.54	28.79	22.85
16	21.39	27.91	28.310000000000002	22.39
17	21.57	27.169999999999998	28.4	22.86
18	21.51	26.919999999999998	29.17	22.400000000000002
19	21.77	27.689999999999998	27.62	22.919999999999998
20	22.27	27.189999999999998	27.750000000000004	22.79
21	21.91	28.08	27.250000000000004	22.759999999999998
22	21.8	28.199999999999996	27.87	22.13
23	22.040000000000003	27.450000000000003	28.000000000000004	22.509999999999998
24	21.3	27.87	28.67	22.16
25	22.12	27.169999999999998	28.67	22.040000000000003
26	21.7	27.82	27.6	22.88
27	22.32	27.21	28.23	22.24
28	22.46	27.91	27.68	21.95
29	21.740000000000002	27.189999999999998	27.639999999999997	23.43
30	22.09	26.76	28.74	22.41
31	22.25	26.32	28.249999999999996	23.18
32	21.81	27.16	28.78	22.25
33	22.439999999999998	27.05	27.750000000000004	22.759999999999998
34	22.720000000000002	27.0	27.689999999999998	22.59
35	22.37	27.66	28.01	21.959999999999997
36	21.740000000000002	27.52	27.93	22.81
37	22.17	26.63	28.88	22.32
38	22.689999999999998	27.18	27.22	22.91
39	22.16	27.54	27.91	22.39
40	22.29	26.88	27.85	22.98
41	22.06	27.38	27.68	22.88
42	22.470000000000002	26.590000000000003	27.85	23.09
43	21.47	26.99	28.1	23.44
44	22.38	25.69	28.18	23.75
45	22.34	27.310000000000002	27.11	23.24
46	22.31	27.229999999999997	27.67	22.79
47	21.77	28.29	27.639999999999997	22.3
48	22.009999999999998	26.6	28.7	22.689999999999998
49	21.61	26.450000000000003	29.060000000000002	22.88
50	21.73	26.99	27.310000000000002	23.97
51	22.17	27.189999999999998	27.13	23.51
52	22.43	26.5	27.49	23.580000000000002
53	21.95	27.810000000000002	28.139999999999997	22.1
54	21.990000000000002	26.75	28.16	23.1
55	22.32	27.29	27.0	23.39
56	22.24	27.07	28.08	22.61
57	22.6	26.33	27.400000000000002	23.669999999999998
58	22.259999999999998	27.3	27.589999999999996	22.85
59	22.46	26.41	28.09	23.04
60	22.650000000000002	27.01	27.21	23.13
61	22.770000000000003	27.47	27.189999999999998	22.57
62	22.27	27.12	27.810000000000002	22.8
63	22.3	26.93	27.779999999999998	22.99
64	23.02	26.840000000000003	27.029999999999998	23.11
65	22.68	27.860000000000003	26.68	22.78
66	22.57	27.38	27.250000000000004	22.8
67	23.43	26.69	27.21	22.67
68	22.11	27.450000000000003	26.83	23.61
69	22.31	27.76	27.48	22.45
70	23.189999999999998	27.150000000000002	26.740000000000002	22.919999999999998
71	22.3	27.54	27.08	23.080000000000002
72	23.09	27.189999999999998	26.889999999999997	22.830000000000002
73	22.869999999999997	27.08	27.29	22.759999999999998
74	22.35	26.16	27.55	23.94
75	22.98	26.11	27.96	22.95
76	23.26	27.560000000000002	26.55	22.63
>>END_MODULE
>>Per base GC content	pass
#Base	%GC
1	43.007405817323175
2	41.83
3	42.35
4	43.21
5	43.51
6	45.64
7	43.25
8	44.1
9	44.37
10	44.14
11	43.64
12	43.830000000000005
13	43.62
14	44.019999999999996
15	43.669999999999995
16	43.78
17	44.43
18	43.91
19	44.690000000000005
20	45.06
21	44.67
22	43.93
23	44.55
24	43.46
25	44.16
26	44.58
27	44.56
28	44.41
29	45.17
30	44.5
31	45.43
32	44.06
33	45.2
34	45.31
35	44.330000000000005
36	44.55
37	44.49
38	45.6
39	44.55
40	45.269999999999996
41	44.940000000000005
42	45.56
43	44.91
44	46.129999999999995
45	45.58
46	45.1
47	44.07
48	44.7
49	44.49
50	45.7
51	45.68
52	46.01
53	44.05
54	45.09
55	45.71
56	44.85
57	46.27
58	45.11
59	45.5
60	45.78
61	45.34
62	45.07
63	45.29
64	46.129999999999995
65	45.46
66	45.37
67	46.1
68	45.72
69	44.76
70	46.11
71	45.379999999999995
72	45.92
73	45.629999999999995
74	46.29
75	45.93
76	45.89
>>END_MODULE
>>Per sequence GC content	pass
#GC Content	Count
0	0.0
1	0.0
2	0.0
3	0.0
4	0.0
5	0.0
6	0.0
7	0.0
8	0.0
9	0.0
10	0.0
11	0.0
12	0.0
13	0.0
14	0.0
15	0.0
16	2.5
17	5.0
18	5.5
19	8.5
20	19.0
21	27.0
22	31.0
23	46.0
24	69.5
25	82.0
26	93.0
27	107.0
28	136.0
29	162.0
30	171.5
31	204.5
32	246.0
33	264.0
34	280.0
35	331.0
36	397.5
37	429.0
38	427.5
39	442.0
40	471.0
41	493.0
42	502.0
43	515.0
44	500.0
45	479.5
46	487.0
47	490.0
48	451.5
49	444.5
50	479.0
51	470.0
52	423.5
53	372.0
54	358.0
55	369.5
56	349.0
57	286.5
58	256.0
59	238.5
60	202.5
61	151.5
62	119.0
63	99.5
64	68.0
65	45.5
66	28.0
67	21.0
68	15.0
69	6.5
70	3.5
71	3.0
72	2.5
73	1.5
74	1.0
75	1.0
76	1.0
77	0.5
78	0.5
79	1.0
80	0.5
81	0.0
82	0.0
83	0.0
84	0.0
85	0.5
86	0.5
87	0.0
88	0.0
89	0.0
90	0.0
91	0.0
92	0.0
93	0.0
94	0.0
95	0.0
96	0.0
97	0.0
98	0.0
99	0.0
100	0.0
>>END_MODULE
>>Per base N content	warn
#Base	N-Count
1	6.83
2	0.0
3	0.0
4	0.0
5	0.0
6	0.0
7	0.0
8	0.0
9	0.0
10	0.0
11	0.0
12	0.0
13	0.0
14	0.0
15	0.0
16	0.0
17	0.0
18	0.0
19	0.0
20	0.0
21	0.0
22	0.0
23	0.0
24	0.0
25	0.0
26	0.0
27	0.0
28	0.0
29	0.0
30	0.0
31	0.0
32	0.0
33	0.0
34	0.0
35	0.0
36	0.0
37	0.0
38	0.0
39	0.0
40	0.0
41	0.0
42	0.0
43	0.0
44	0.0
45	0.0
46	0.0
47	0.0
48	0.0
49	0.0
50	0.0
51	0.0
52	0.0
53	0.0
54	0.0
55	0.0
56	0.0
57	0.0
58	0.0
59	0.0
60	0.0
61	0.0
62	0.0
63	0.0
64	0.0
65	0.0
66	0.0
67	0.0
68	0.0
69	0.0
70	0.0
71	0.0
72	0.0
73	0.0
74	0.0
75	0.0
76	0.0
>>END_MODULE
>>Sequence Length Distribution	pass
#Length	Count
76	10000.0
>>END_MODULE
>>Sequence Duplication Levels	pass
#Total Duplicate Percentage	0.2
#Duplication Level	Relative count
1	100.0
2	0.04008016032064128
3	0.0
4	0.0
5	0.0
6	0.0
7	0.0
8	0.0
9	0.0
10++	0.01002004008016032
>>END_MODULE
>>Overrepresented sequences	warn
#Sequence	Count	Percentage	Possible Source
GATCGGAAGAGCACACGTCTGAACTCCAGTCACTGACCAATCTCGTATGC	12	0.12	TruSeq Adapter, Index 4 (100% over 50bp)
>>END_MODULE
>>Kmer Content	warn
#Sequence	Count	Obs/Exp Overall	Obs/Exp Max	Max Obs/Exp Position
CCAGG	1275	2.6037345	8.079255	48
GGAGG	1200	2.5857775	6.975006	64
CCCAG	1300	2.5844505	5.7201447	47
CCTGG	1295	2.5653718	7.8372808	16
CAGGA	1455	2.4748065	5.505705	23
CTGGG	1210	2.462224	5.854965	21
AGGAG	1380	2.4111211	5.6555467	38
AGGAA	1685	2.387096	6.1142526	57
GGCTG	1170	2.3808284	5.123095	2
CTGGA	1430	2.3594365	6.527653	17
GCTGG	1150	2.3401303	5.854965	29
TGGAG	1380	2.3389075	6.095735	63
AGAGA	1640	2.323346	5.095211	11
GGAGA	1320	2.3062897	6.283941	45
CTGTG	1440	2.3047762	5.7564983	12
CTCTG	1470	2.2904558	5.6039815	15
CCTCC	1220	2.2904298	7.427489	40
GGAAG	1310	2.288818	5.0271525	27
TGGGG	1090	2.2784023	6.014313	31
GAGGA	1295	2.26261	5.0271525	12
TCTTC	1825	2.2366164	5.289346	5
TCCTG	1435	2.2359211	6.1643796	29
AGCAG	1310	2.2281764	6.1174498	30
GAGAA	1570	2.2241786	5.6047316	22
CAGAG	1300	2.2111673	6.1174498	65
CTGCA	1370	2.2005494	5.199304	62
CTGAG	1330	2.1944408	5.340807	21
CAGCA	1325	2.1939793	5.3598332	29
GAAGA	1545	2.188762	5.604732	39
AGAAG	1545	2.1887617	7.1332946	21
CCCCA	1130	2.186964	6.960739	51
CCAGC	1095	2.1769023	5.005126	29
GGGAG	1005	2.1655886	6.2000046	47
CAGCC	1085	2.1570222	6.4351635	48
GAAGG	1230	2.1490428	5.027153	10
CAGTG	1300	2.1449425	5.340808	50
GCAGG	1020	2.1396778	6.0357375	64
CAGGG	1015	2.1291893	7.5446725	49
CTGCT	1360	2.119061	5.6039815	3
CTGCC	1095	2.1117036	6.2424273	6
CAGGC	1020	2.0829878	5.141345	10
GAGAG	1190	2.0791552	5.6555467	10
GGCAG	970	2.0347917	5.2812705	7
GGTGG	955	1.9962147	5.2625237	65
TCCAG	1240	1.9917382	5.199304	42
CAGAA	1430	1.97217	5.4562354	17
GCAGA	1130	1.9220146	5.5057044	52
TCTCC	1265	1.9188164	5.455506	21
CCTCA	1220	1.907694	5.06155	15
TGAGG	1125	1.906718	5.4861617	60
CAGCT	1185	1.9033952	5.7770047	68
GAGGG	880	1.8962369	5.4250045	4
TCAGG	1145	1.8891993	5.3408074	9
TGGCC	935	1.8522183	5.6998405	56
GCTGC	925	1.8324083	5.69984	61
TCCCC	975	1.8304665	5.40181	22
CCAGA	1090	1.804858	5.3598323	20
TCTGT	1430	1.8002232	5.886075	16
CTCCC	950	1.7835314	6.7522626	41
CCTGA	1105	1.7748958	5.7770047	26
GCCAG	860	1.7562445	5.1413445	19
CAAAG	1260	1.737716	5.456235	10
GTGGG	825	1.7244788	5.262524	11
GAGGC	805	1.6886673	6.035738	69
TGCCC	850	1.6392221	5.548825	64
TCACC	1030	1.6105943	5.623945	65
CTCAC	1030	1.610594	6.7487335	64
GCCAC	800	1.5904311	5.0051265	58
TGGGC	765	1.5566955	5.8549657	19
GACAG	915	1.5563216	5.505705	61
GCCCA	780	1.5506704	5.0051265	65
ACCTC	900	1.4073154	6.18634	39
TGTGC	820	1.3124422	5.1808496	13
AGACC	685	1.1342459	5.3598332	37
>>END_MODULE
